u32 1: total=1106 geom区=['0x1fd', '0x201', '0x23d', '0x362', '0x487', '0x6a7']
u32 2: total=84 geom区=['0x239', '0xc70', '0xcbe', '0xd3f', '0xe88']
u32 3: total=35 geom区=['0x35e', '0x897', '0x9a8', '0xab9', '0xbca', '0xcb2']
u32 4: total=52 geom区=['0x483', '0x6d0', '0x7ba', '0x82f', '0x940', '0xa0c']
u32 5: total=21 geom区=['0xc94', '0xcee', '0xd47']
u32 6: total=30 geom区=['0xd94']
u32 7: total=13 geom区=['0xca7', '0xd81', '0xda4']
u32 8: total=58 geom区=['0x104', '0x123', '0x89b', '0x9ac', '0xabd', '0xbce']
--- 0x200..0x300 ---
0x0200  00 01 00 00 00 00 00 00 00 00 00 00 00 00 00 00  ................
0x0210  00 00 14 40 00 00 00 00 00 00 14 c0 00 00 00 00  ...@............
0x0220  00 00 00 00 00 00 00 00 00 00 00 00 0c 00 00 00  ................
0x0230  25 81 08 40 00 1d 00 00 00 02 00 00 00 01 00 00  %..@............
0x0240  00 00 00 00 00 00 00 00 00 00 00 00 00 00 14 40  ...............@
0x0250  00 00 00 00 00 00 14 40 00 00 00 00 00 00 00 00  .......@........
0x0260  00 00 00 00 00 00 00 00 00 00 00 00 00 00 00 00  ................
0x0270  0d 00 00 00 0c 15 00 00 00 00 00 00 00 00 00 24  ...............$
0x0280  40 00 00 00 00 09 00 00 00 00 00 00 00 0e 00 00  @...............
0x0290  00 01 11 00 00 00 00 00 00 00 00 00 f0 3f 00 00  .............?..
0x02a0  00 00 00 00 00 00 00 00 00 00 00 00 00 00 00 00  ................
0x02b0  00 00 00 00 00 00 00 00 00 00 00 00 00 00 00 00  ................
0x02c0  f0 3f 00 00 00 00 00 00 00 00 00 00 00 00 00 00  .?..............
0x02d0  00 00 00 00 00 00 00 00 00 00 00 00 00 00 00 00  ................
0x02e0  00 00 00 00 00 00 00 00 00 00 00 00 00 00 00 00  ................
0x02f0  00 00 00 00 00 00 00 00 f0 3f 00 00 00 00 00 00  .........?......
--- 0x100..0x1C0 ---
0x0100  09 00 00 00 08 00 00 00 23 81 00 00 00 12 00 00  ........#.......
0x0110  00 00 00 00 00 00 00 00 00 00 00 00 09 00 00 00  ................
0x0120  0f 01 01 08 00 00 00 00 00 00 00 00 00 00 00 14  ................
0x0130  40 00 00 00 00 00 00 14 c0 00 00 00 00 00 00 00  @...............
0x0140  00 00 00 00 00 00 00 00 00 00 00 00 00 00 00 00  ................
0x0150  80 00 00 00 00 00 00 f0 3f 00 00 00 00 00 00 00  ........?.......
0x0160  00 00 00 00 00 00 00 24 40 00 00 00 00 00 00 00  .......$@.......
0x0170  00 00 00 00 00 00 00 24 c0 00 00 00 00 00 00 00  .......$........
0x0180  00 00 00 00 00 00 00 00 00 00 00 00 00 00 00 00  ................
0x0190  00 00 00 00 00 00 00 00 00 00 00 00 00 00 00 f0  ................
0x01a0  3f 00 00 00 00 00 00 f0 3f 0a 00 00 00 26 81 00  ?.......?....&..
0x01b0  40 00 15 00 00 00 00 00 00 00 00 00 00 00 00 01  @...............