read: 1
count=537
E 1 cfg=104 nodes= 21 19 235 236 0 0 0 0 0 0
E 2 cfg=104 nodes= 236 235 234 237 0 0 0 0 0 0
E 3 cfg=104 nodes= 18 21 236 238 0 0 0 0 0 0
E 4 cfg=104 nodes= 237 234 233 239 0 0 0 0 0 0
E 5 cfg=104 nodes= 23 18 238 240 0 0 0 0 0 0
E 6 cfg=104 nodes= 238 236 237 241 0 0 0 0 0 0
E 7 cfg=104 nodes= 239 233 232 242 0 0 0 0 0 0
E 8 cfg=104 nodes= 240 243 24 23 0 0 0 0 0 0
E 9 cfg=104 nodes= 241 237 239 244 0 0 0 0 0 0
E 10 cfg=104 nodes= 240 238 241 245 0 0 0 0 0 0
E 11 cfg=104 nodes= 231 246 242 232 0 0 0 0 0 0
E 12 cfg=104 nodes= 243 247 25 24 0 0 0 0 0 0
E 13 cfg=104 nodes= 244 239 242 248 0 0 0 0 0 0
E 14 cfg=104 nodes= 245 249 243 240 0 0 0 0 0 0
E 15 cfg=104 nodes= 245 241 244 250 0 0 0 0 0 0
E 16 cfg=104 nodes= 230 251 246 231 0 0 0 0 0 0
E 17 cfg=104 nodes= 26 25 247 252 0 0 0 0 0 0
E 18 cfg=104 nodes= 246 253 248 242 0 0 0 0 0 0
E 19 cfg=104 nodes= 249 254 247 243 0 0 0 0 0 0
E 20 cfg=104 nodes= 250 244 248 255 0 0 0 0 0 0
E 21 cfg=104 nodes= 250 256 249 245 0 0 0 0 0 0
E 22 cfg=104 nodes= 251 230 229 257 0 0 0 0 0 0
E 23 cfg=104 nodes= 27 26 252 258 0 0 0 0 0 0
E 24 cfg=104 nodes= 251 259 253 246 0 0 0 0 0 0
E 25 cfg=104 nodes= 252 247 254 260 0 0 0 0 0 0
E 26 cfg=104 nodes= 253 261 255 248 0 0 0 0 0 0
E 27 cfg=104 nodes= 256 262 254 249 0 0 0 0 0 0
E 28 cfg=104 nodes= 255 263 256 250 0 0 0 0 0 0
E 29 cfg=104 nodes= 257 229 228 264 0 0 0 0 0 0
E 30 cfg=104 nodes= 28 27 258 265 0 0 0 0 0 0
E 31 cfg=104 nodes= 259 251 257 266 0 0 0 0 0 0
E 32 cfg=104 nodes= 258 252 260 267 0 0 0 0 0 0
E 33 cfg=104 nodes= 259 268 261 253 0 0 0 0 0 0
E 34 cfg=104 nodes= 260 254 262 269 0 0 0 0 0 0
E 35 cfg=104 nodes= 261 270 263 255 0 0 0 0 0 0
E 36 cfg=104 nodes= 263 271 262 256 0 0 0 0 0 0
E 37 cfg=104 nodes= 227 272 264 228 0 0 0 0 0 0
E 38 cfg=104 nodes= 265 273 29 28 0 0 0 0 0 0
E 39 cfg=104 nodes= 266 257 264 274 0 0 0 0 0 0
E 40 cfg=104 nodes= 265 258 267 275 0 0 0 0 0 0
E 41 cfg=104 nodes= 268 259 266 276 0 0 0 0 0 0
E 42 cfg=104 nodes= 267 260 269 277 0 0 0 0 0 0
E 43 cfg=104 nodes= 268 278 270 261 0 0 0 0 0 0
E 44 cfg=104 nodes= 269 262 271 279 0 0 0 0 0 0
E 45 cfg=104 nodes= 270 280 271 263 0 0 0 0 0 0
E 46 cfg=104 nodes= 272 227 226 281 0 0 0 0 0 0
E 47 cfg=104 nodes= 273 31 30 29 0 0 0 0 0 0
E 48 cfg=104 nodes= 272 282 274 264 0 0 0 0 0 0
E 49 cfg=104 nodes= 275 283 273 265 0 0 0 0 0 0
E 50 cfg=104 nodes= 276 266 274 284 0 0 0 0 0 0
E 51 cfg=104 nodes= 275 267 277 285 0 0 0 0 0 0
E 52 cfg=104 nodes= 276 286 278 268 0 0 0 0 0 0
E 53 cfg=104 nodes= 277 269 279 287 0 0 0 0 0 0
E 54 cfg=104 nodes= 278 288 280 270 0 0 0 0 0 0
E 55 cfg=104 nodes= 280 289 279 271 0 0 0 0 0 0
E 56 cfg=104 nodes= 281 226 225 290 0 0 0 0 0 0
E 57 cfg=104 nodes= 282 272 281 291 0 0 0 0 0 0
E 58 cfg=104 nodes= 283 32 31 273 0 0 0 0 0 0
E 59 cfg=104 nodes= 282 292 284 274 0 0 0 0 0 0
E 60 cfg=104 nodes= 285 293 283 275 0 0 0 0 0 0
E 61 cfg=104 nodes= 284 294 286 276 0 0 0 0 0 0
E 62 cfg=104 nodes= 285 277 287 295 0 0 0 0 0 0
E 63 cfg=104 nodes= 286 296 288 278 0 0 0 0 0 0
E 64 cfg=104 nodes= 289 297 287 279 0 0 0 0 0 0
E 65 cfg=104 nodes= 288 298 289 280 0 0 0 0 0 0
E 66 cfg=104 nodes= 290 225 224 299 0 0 0 0 0 0
E 67 cfg=104 nodes= 291 281 290 300 0 0 0 0 0 0
E 68 cfg=104 nodes= 292 282 291 301 0 0 0 0 0 0
E 69 cfg=104 nodes= 293 33 32 283 0 0 0 0 0 0
E 70 cfg=104 nodes= 292 302 294 284 0 0 0 0 0 0
E 71 cfg=104 nodes= 295 303 293 285 0 0 0 0 0 0
E 72 cfg=104 nodes= 294 304 296 286 0 0 0 0 0 0
E 73 cfg=104 nodes= 297 305 295 287 0 0 0 0 0 0
E 74 cfg=104 nodes= 298 288 296 306 0 0 0 0 0 0
E 75 cfg=104 nodes= 298 307 297 289 0 0 0 0 0 0
E 76 cfg=104 nodes= 299 224 223 308 0 0 0 0 0 0
E 77 cfg=104 nodes= 300 290 299 309 0 0 0 0 0 0
E 78 cfg=104 nodes= 301 291 300 310 0 0 0 0 0 0
E 79 cfg=104 nodes= 301 311 302 292 0 0 0 0 0 0
E 80 cfg=104 nodes= 303 34 33 293 0 0 0 0 0 0
E 81 cfg=104 nodes= 302 312 304 294 0 0 0 0 0 0
E 82 cfg=104 nodes= 305 313 303 295 0 0 0 0 0 0
E 83 cfg=104 nodes= 306 296 304 314 0 0 0 0 0 0
E 84 cfg=104 nodes= 307 315 305 297 0 0 0 0 0 0
E 85 cfg=104 nodes= 307 298 306 316 0 0 0 0 0 0
E 86 cfg=104 nodes= 308 223 222 317 0 0 0 0 0 0
E 87 cfg=104 nodes= 309 299 308 318 0 0 0 0 0 0
E 88 cfg=104 nodes= 310 300 309 319 0 0 0 0 0 0
E 89 cfg=104 nodes= 310 320 311 301 0 0 0 0 0 0
E 90 cfg=104 nodes= 311 321 312 302 0 0 0 0 0 0
E 91 cfg=104 nodes= 313 35 34 303 0 0 0 0 0 0
E 92 cfg=104 nodes= 312 322 314 304 0 0 0 0 0 0
E 93 cfg=104 nodes= 315 323 313 305 0 0 0 0 0 0
E 94 cfg=104 nodes= 316 306 314 324 0 0 0 0 0 0
E 95 cfg=104 nodes= 315 307 316 325 0 0 0 0 0 0
E 96 cfg=104 nodes= 317 222 221 326 0 0 0 0 0 0
E 97 cfg=104 nodes= 318 308 317 327 0 0 0 0 0 0
E 98 cfg=104 nodes= 319 309 318 328 0 0 0 0 0 0
E 99 cfg=104 nodes= 319 329 320 310 0 0 0 0 0 0
E 100 cfg=104 nodes= 320 330 321 311 0 0 0 0 0 0
E 101 cfg=104 nodes= 322 312 321 331 0 0 0 0 0 0
E 102 cfg=104 nodes= 323 36 35 313 0 0 0 0 0 0
E 103 cfg=104 nodes= 322 332 324 314 0 0 0 0 0 0
E 104 cfg=104 nodes= 325 334 323 315 0 0 0 0 0 0
E 105 cfg=104 nodes= 325 316 324 333 0 0 0 0 0 0
E 106 cfg=104 nodes= 326 221 220 335 0 0 0 0 0 0
E 107 cfg=104 nodes= 327 317 326 336 0 0 0 0 0 0
E 108 cfg=104 nodes= 328 318 327 337 0 0 0 0 0 0
E 109 cfg=104 nodes= 328 338 329 319 0 0 0 0 0 0
E 110 cfg=104 nodes= 329 339 330 320 0 0 0 0 0 0
E 111 cfg=104 nodes= 331 321 330 340 0 0 0 0 0 0
E 112 cfg=104 nodes= 332 322 331 341 0 0 0 0 0 0
E 113 cfg=104 nodes= 334 37 36 323 0 0 0 0 0 0
E 114 cfg=104 nodes= 332 342 333 324 0 0 0 0 0 0
E 115 cfg=104 nodes= 333 343 334 325 0 0 0 0 0 0
E 116 cfg=104 nodes= 335 220 219 344 0 0 0 0 0 0
E 117 cfg=104 nodes= 336 326 335 345 0 0 0 0 0 0
E 118 cfg=104 nodes= 337 327 336 346 0 0 0 0 0 0
E 119 cfg=104 nodes= 337 347 338 328 0 0 0 0 0 0
E 120 cfg=104 nodes= 338 348 339 329 0 0 0 0 0 0
E 121 cfg=104 nodes= 340 330 339 349 0 0 0 0 0 0
E 122 cfg=104 nodes= 341 331 340 350 0 0 0 0 0 0
E 123 cfg=104 nodes= 342 332 341 351 0 0 0 0 0 0
E 124 cfg=104 nodes= 342 352 343 333 0 0 0 0 0 0
E 125 cfg=104 nodes= 343 38 37 334 0 0 0 0 0 0
E 126 cfg=104 nodes= 344 219 218 353 0 0 0 0 0 0
E 127 cfg=104 nodes= 345 335 344 354 0 0 0 0 0 0
E 128 cfg=104 nodes= 346 336 345 355 0 0 0 0 0 0
E 129 cfg=104 nodes= 346 356 347 337 0 0 0 0 0 0
E 130 cfg=104 nodes= 347 357 348 338 0 0 0 0 0 0
E 131 cfg=104 nodes= 349 339 348 358 0 0 0 0 0 0
E 132 cfg=104 nodes= 350 340 349 359 0 0 0 0 0 0
E 133 cfg=104 nodes= 351 341 350 360 0 0 0 0 0 0
E 134 cfg=104 nodes= 351 361 352 342 0 0 0 0 0 0
E 135 cfg=104 nodes= 352 39 38 343 0 0 0 0 0 0
E 136 cfg=104 nodes= 353 218 217 362 0 0 0 0 0 0
E 137 cfg=104 nodes= 354 344 353 363 0 0 0 0 0 0
E 138 cfg=104 nodes= 355 345 354 364 0 0 0 0 0 0
E 139 cfg=104 nodes= 355 365 356 346 0 0 0 0 0 0
E 140 cfg=104 nodes= 356 366 357 347 0 0 0 0 0 0
E 141 cfg=104 nodes= 358 348 357 367 0 0 0 0 0 0
E 142 cfg=104 nodes= 359 349 358 368 0 0 0 0 0 0
E 143 cfg=104 nodes= 360 350 359 369 0 0 0 0 0 0
E 144 cfg=104 nodes= 360 370 361 351 0 0 0 0 0 0
E 145 cfg=104 nodes= 361 40 39 352 0 0 0 0 0 0
E 146 cfg=104 nodes= 362 217 216 371 0 0 0 0 0 0
E 147 cfg=104 nodes= 363 353 362 372 0 0 0 0 0 0
E 148 cfg=104 nodes= 364 354 363 373 0 0 0 0 0 0
E 149 cfg=104 nodes= 364 374 365 355 0 0 0 0 0 0
E 150 cfg=104 nodes= 365 375 366 356 0 0 0 0 0 0
E 151 cfg=104 nodes= 367 357 366 376 0 0 0 0 0 0
E 152 cfg=104 nodes= 368 358 367 377 0 0 0 0 0 0
E 153 cfg=104 nodes= 369 359 368 378 0 0 0 0 0 0
E 154 cfg=104 nodes= 369 379 370 360 0 0 0 0 0 0
E 155 cfg=104 nodes= 370 41 40 361 0 0 0 0 0 0
E 156 cfg=104 nodes= 371 216 215 380 0 0 0 0 0 0
E 157 cfg=104 nodes= 372 362 371 381 0 0 0 0 0 0
E 158 cfg=104 nodes= 373 363 372 382 0 0 0 0 0 0
E 159 cfg=104 nodes= 373 383 374 364 0 0 0 0 0 0
E 160 cfg=104 nodes= 374 384 375 365 0 0 0 0 0 0
E 161 cfg=104 nodes= 376 366 375 385 0 0 0 0 0 0
E 162 cfg=104 nodes= 377 367 376 386 0 0 0 0 0 0
E 163 cfg=104 nodes= 378 368 377 387 0 0 0 0 0 0
E 164 cfg=104 nodes= 378 388 379 369 0 0 0 0 0 0
E 165 cfg=104 nodes= 379 42 41 370 0 0 0 0 0 0
E 166 cfg=104 nodes= 380 215 214 389 0 0 0 0 0 0
E 167 cfg=104 nodes= 381 371 380 390 0 0 0 0 0 0
E 168 cfg=104 nodes= 382 372 381 391 0 0 0 0 0 0
E 169 cfg=104 nodes= 382 392 383 373 0 0 0 0 0 0
E 170 cfg=104 nodes= 383 393 384 374 0 0 0 0 0 0
E 171 cfg=104 nodes= 385 375 384 394 0 0 0 0 0 0
E 172 cfg=104 nodes= 386 376 385 395 0 0 0 0 0 0
E 173 cfg=104 nodes= 387 377 386 396 0 0 0 0 0 0
E 174 cfg=104 nodes= 387 397 388 378 0 0 0 0 0 0
E 175 cfg=104 nodes= 388 43 42 379 0 0 0 0 0 0
E 176 cfg=104 nodes= 389 214 213 398 0 0 0 0 0 0
E 177 cfg=104 nodes= 390 380 389 399 0 0 0 0 0 0
E 178 cfg=104 nodes= 391 381 390 400 0 0 0 0 0 0
E 179 cfg=104 nodes= 391 401 392 382 0 0 0 0 0 0
E 180 cfg=104 nodes= 392 402 393 383 0 0 0 0 0 0
E 181 cfg=104 nodes= 394 384 393 403 0 0 0 0 0 0
E 182 cfg=104 nodes= 395 385 394 404 0 0 0 0 0 0
E 183 cfg=104 nodes= 396 386 395 405 0 0 0 0 0 0
E 184 cfg=104 nodes= 396 406 397 387 0 0 0 0 0 0
E 185 cfg=104 nodes= 397 44 43 388 0 0 0 0 0 0
E 186 cfg=104 nodes= 398 213 212 407 0 0 0 0 0 0
E 187 cfg=104 nodes= 399 389 398 408 0 0 0 0 0 0
E 188 cfg=104 nodes= 400 390 399 409 0 0 0 0 0 0
E 189 cfg=104 nodes= 400 410 401 391 0 0 0 0 0 0
E 190 cfg=104 nodes= 401 411 402 392 0 0 0 0 0 0
E 191 cfg=104 nodes= 403 393 402 412 0 0 0 0 0 0
E 192 cfg=104 nodes= 404 394 403 413 0 0 0 0 0 0
E 193 cfg=104 nodes= 405 395 404 414 0 0 0 0 0 0
E 194 cfg=104 nodes= 405 415 406 396 0 0 0 0 0 0
E 195 cfg=104 nodes= 406 45 44 397 0 0 0 0 0 0
E 196 cfg=104 nodes= 407 212 211 416 0 0 0 0 0 0
E 197 cfg=104 nodes= 408 398 407 417 0 0 0 0 0 0
E 198 cfg=104 nodes= 409 399 408 418 0 0 0 0 0 0
E 199 cfg=104 nodes= 409 419 410 400 0 0 0 0 0 0
E 200 cfg=104 nodes= 410 420 411 401 0 0 0 0 0 0
E 201 cfg=104 nodes= 412 402 411 421 0 0 0 0 0 0
E 202 cfg=104 nodes= 413 403 412 422 0 0 0 0 0 0
E 203 cfg=104 nodes= 414 404 413 423 0 0 0 0 0 0
E 204 cfg=104 nodes= 414 424 415 405 0 0 0 0 0 0
E 205 cfg=104 nodes= 415 46 45 406 0 0 0 0 0 0
E 206 cfg=104 nodes= 416 211 210 425 0 0 0 0 0 0
E 207 cfg=104 nodes= 417 407 416 426 0 0 0 0 0 0
E 208 cfg=104 nodes= 418 408 417 427 0 0 0 0 0 0
E 209 cfg=104 nodes= 418 428 419 409 0 0 0 0 0 0
E 210 cfg=104 nodes= 419 429 420 410 0 0 0 0 0 0
E 211 cfg=104 nodes= 421 411 420 430 0 0 0 0 0 0
E 212 cfg=104 nodes= 422 412 421 431 0 0 0 0 0 0
E 213 cfg=104 nodes= 423 413 422 432 0 0 0 0 0 0
E 214 cfg=104 nodes= 423 433 424 414 0 0 0 0 0 0
E 215 cfg=104 nodes= 424 47 46 415 0 0 0 0 0 0
E 216 cfg=104 nodes= 425 210 209 434 0 0 0 0 0 0
E 217 cfg=104 nodes= 426 416 425 435 0 0 0 0 0 0
E 218 cfg=104 nodes= 427 417 426 436 0 0 0 0 0 0
E 219 cfg=104 nodes= 427 437 428 418 0 0 0 0 0 0
E 220 cfg=104 nodes= 428 438 429 419 0 0 0 0 0 0
E 221 cfg=104 nodes= 430 420 429 439 0 0 0 0 0 0
E 222 cfg=104 nodes= 431 421 430 440 0 0 0 0 0 0
E 223 cfg=104 nodes= 432 422 431 441 0 0 0 0 0 0
E 224 cfg=104 nodes= 432 442 433 423 0 0 0 0 0 0
E 225 cfg=104 nodes= 433 48 47 424 0 0 0 0 0 0
E 226 cfg=104 nodes= 434 209 208 443 0 0 0 0 0 0
E 227 cfg=104 nodes= 435 425 434 444 0 0 0 0 0 0
E 228 cfg=104 nodes= 436 426 435 445 0 0 0 0 0 0
E 229 cfg=104 nodes= 436 446 437 427 0 0 0 0 0 0
E 230 cfg=104 nodes= 437 447 438 428 0 0 0 0 0 0
E 231 cfg=104 nodes= 439 429 438 448 0 0 0 0 0 0
E 232 cfg=104 nodes= 440 430 439 449 0 0 0 0 0 0
E 233 cfg=104 nodes= 441 431 440 450 0 0 0 0 0 0
E 234 cfg=104 nodes= 441 451 442 432 0 0 0 0 0 0
E 235 cfg=104 nodes= 442 49 48 433 0 0 0 0 0 0
E 236 cfg=104 nodes= 443 208 207 452 0 0 0 0 0 0
E 237 cfg=104 nodes= 444 434 443 453 0 0 0 0 0 0
E 238 cfg=104 nodes= 445 435 444 454 0 0 0 0 0 0
E 239 cfg=104 nodes= 445 455 446 436 0 0 0 0 0 0
E 240 cfg=104 nodes= 446 456 447 437 0 0 0 0 0 0
E 241 cfg=104 nodes= 448 438 447 457 0 0 0 0 0 0
E 242 cfg=104 nodes= 449 439 448 458 0 0 0 0 0 0
E 243 cfg=104 nodes= 450 440 449 459 0 0 0 0 0 0
E 244 cfg=104 nodes= 450 460 451 441 0 0 0 0 0 0
E 245 cfg=104 nodes= 451 50 49 442 0 0 0 0 0 0
E 246 cfg=104 nodes= 452 207 206 461 0 0 0 0 0 0
E 247 cfg=104 nodes= 453 443 452 462 0 0 0 0 0 0
E 248 cfg=104 nodes= 454 444 453 463 0 0 0 0 0 0
E 249 cfg=104 nodes= 454 464 455 445 0 0 0 0 0 0
E 250 cfg=104 nodes= 455 465 456 446 0 0 0 0 0 0
E 251 cfg=104 nodes= 457 447 456 466 0 0 0 0 0 0
E 252 cfg=104 nodes= 458 448 457 467 0 0 0 0 0 0
E 253 cfg=104 nodes= 459 449 458 468 0 0 0 0 0 0
E 254 cfg=104 nodes= 459 469 460 450 0 0 0 0 0 0
E 255 cfg=104 nodes= 460 51 50 451 0 0 0 0 0 0
E 256 cfg=104 nodes= 461 206 205 470 0 0 0 0 0 0
E 257 cfg=104 nodes= 462 452 461 471 0 0 0 0 0 0
E 258 cfg=104 nodes= 463 453 462 472 0 0 0 0 0 0
E 259 cfg=104 nodes= 463 473 464 454 0 0 0 0 0 0
E 260 cfg=104 nodes= 464 474 465 455 0 0 0 0 0 0
E 261 cfg=104 nodes= 466 456 465 475 0 0 0 0 0 0
E 262 cfg=104 nodes= 467 457 466 476 0 0 0 0 0 0
E 263 cfg=104 nodes= 468 458 467 477 0 0 0 0 0 0
E 264 cfg=104 nodes= 468 478 469 459 0 0 0 0 0 0
E 265 cfg=104 nodes= 469 52 51 460 0 0 0 0 0 0
E 266 cfg=104 nodes= 470 205 204 479 0 0 0 0 0 0
E 267 cfg=104 nodes= 471 461 470 480 0 0 0 0 0 0
E 268 cfg=104 nodes= 472 462 471 481 0 0 0 0 0 0
E 269 cfg=104 nodes= 472 482 473 463 0 0 0 0 0 0
E 270 cfg=104 nodes= 473 483 474 464 0 0 0 0 0 0
E 271 cfg=104 nodes= 475 465 474 484 0 0 0 0 0 0
E 272 cfg=104 nodes= 476 466 475 485 0 0 0 0 0 0
E 273 cfg=104 nodes= 477 467 476 486 0 0 0 0 0 0
E 274 cfg=104 nodes= 477 487 478 468 0 0 0 0 0 0
E 275 cfg=104 nodes= 478 53 52 469 0 0 0 0 0 0
E 276 cfg=104 nodes= 479 204 203 488 0 0 0 0 0 0
E 277 cfg=104 nodes= 480 470 479 489 0 0 0 0 0 0
E 278 cfg=104 nodes= 481 471 480 490 0 0 0 0 0 0
E 279 cfg=104 nodes= 481 491 482 472 0 0 0 0 0 0
E 280 cfg=104 nodes= 482 492 483 473 0 0 0 0 0 0
E 281 cfg=104 nodes= 484 474 483 493 0 0 0 0 0 0
E 282 cfg=104 nodes= 485 475 484 494 0 0 0 0 0 0
E 283 cfg=104 nodes= 486 476 485 495 0 0 0 0 0 0
E 284 cfg=104 nodes= 486 496 487 477 0 0 0 0 0 0
E 285 cfg=104 nodes= 487 54 53 478 0 0 0 0 0 0
E 286 cfg=104 nodes= 488 203 202 497 0 0 0 0 0 0
E 287 cfg=104 nodes= 489 479 488 498 0 0 0 0 0 0
E 288 cfg=104 nodes= 490 480 489 499 0 0 0 0 0 0
E 289 cfg=104 nodes= 490 500 491 481 0 0 0 0 0 0
E 290 cfg=104 nodes= 491 501 492 482 0 0 0 0 0 0
E 291 cfg=104 nodes= 493 483 492 502 0 0 0 0 0 0
E 292 cfg=104 nodes= 494 484 493 503 0 0 0 0 0 0
E 293 cfg=104 nodes= 495 485 494 504 0 0 0 0 0 0
E 294 cfg=104 nodes= 495 505 496 486 0 0 0 0 0 0
E 295 cfg=104 nodes= 496 55 54 487 0 0 0 0 0 0
E 296 cfg=104 nodes= 497 202 201 506 0 0 0 0 0 0
E 297 cfg=104 nodes= 498 488 497 507 0 0 0 0 0 0
E 298 cfg=104 nodes= 499 489 498 508 0 0 0 0 0 0
E 299 cfg=104 nodes= 499 509 500 490 0 0 0 0 0 0
E 300 cfg=104 nodes= 500 510 501 491 0 0 0 0 0 0
E 301 cfg=104 nodes= 502 492 501 511 0 0 0 0 0 0
E 302 cfg=104 nodes= 503 493 502 512 0 0 0 0 0 0
E 303 cfg=104 nodes= 504 494 503 513 0 0 0 0 0 0
E 304 cfg=104 nodes= 504 514 505 495 0 0 0 0 0 0
E 305 cfg=104 nodes= 505 56 55 496 0 0 0 0 0 0
E 306 cfg=104 nodes= 506 201 200 515 0 0 0 0 0 0
E 307 cfg=104 nodes= 507 497 506 516 0 0 0 0 0 0
E 308 cfg=104 nodes= 508 498 507 517 0 0 0 0 0 0
E 309 cfg=104 nodes= 508 518 509 499 0 0 0 0 0 0
E 310 cfg=104 nodes= 509 519 510 500 0 0 0 0 0 0
E 311 cfg=104 nodes= 511 501 510 520 0 0 0 0 0 0
E 312 cfg=104 nodes= 512 502 511 521 0 0 0 0 0 0
E 313 cfg=104 nodes= 513 503 512 522 0 0 0 0 0 0
E 314 cfg=104 nodes= 513 523 514 504 0 0 0 0 0 0
E 315 cfg=104 nodes= 514 57 56 505 0 0 0 0 0 0
E 316 cfg=104 nodes= 515 200 199 524 0 0 0 0 0 0
E 317 cfg=104 nodes= 516 506 515 525 0 0 0 0 0 0
E 318 cfg=104 nodes= 516 526 517 507 0 0 0 0 0 0
E 319 cfg=104 nodes= 518 508 517 527 0 0 0 0 0 0
E 320 cfg=104 nodes= 518 528 519 509 0 0 0 0 0 0
E 321 cfg=104 nodes= 520 510 519 529 0 0 0 0 0 0
E 322 cfg=104 nodes= 521 511 520 530 0 0 0 0 0 0
E 323 cfg=104 nodes= 522 512 521 531 0 0 0 0 0 0
E 324 cfg=104 nodes= 522 532 523 513 0 0 0 0 0 0
E 325 cfg=104 nodes= 523 58 57 514 0 0 0 0 0 0
E 326 cfg=104 nodes= 524 199 198 533 0 0 0 0 0 0
E 327 cfg=104 nodes= 525 515 524 534 0 0 0 0 0 0
E 328 cfg=104 nodes= 525 535 526 516 0 0 0 0 0 0
E 329 cfg=104 nodes= 526 536 527 517 0 0 0 0 0 0
E 330 cfg=104 nodes= 528 518 527 537 0 0 0 0 0 0
E 331 cfg=104 nodes= 529 519 528 538 0 0 0 0 0 0
E 332 cfg=104 nodes= 530 520 529 539 0 0 0 0 0 0
E 333 cfg=104 nodes= 531 521 530 540 0 0 0 0 0 0
E 334 cfg=104 nodes= 531 541 532 522 0 0 0 0 0 0
E 335 cfg=104 nodes= 532 59 58 523 0 0 0 0 0 0
E 336 cfg=104 nodes= 533 198 197 542 0 0 0 0 0 0
E 337 cfg=104 nodes= 534 524 533 543 0 0 0 0 0 0
E 338 cfg=104 nodes= 535 525 534 544 0 0 0 0 0 0
E 339 cfg=104 nodes= 535 545 536 526 0 0 0 0 0 0
E 340 cfg=104 nodes= 536 546 537 527 0 0 0 0 0 0
E 341 cfg=104 nodes= 538 528 537 547 0 0 0 0 0 0
E 342 cfg=104 nodes= 539 529 538 548 0 0 0 0 0 0
E 343 cfg=104 nodes= 540 530 539 549 0 0 0 0 0 0
E 344 cfg=104 nodes= 540 550 541 531 0 0 0 0 0 0
E 345 cfg=104 nodes= 541 60 59 532 0 0 0 0 0 0
E 346 cfg=104 nodes= 542 197 196 551 0 0 0 0 0 0
E 347 cfg=104 nodes= 543 533 542 552 0 0 0 0 0 0
E 348 cfg=104 nodes= 544 534 543 553 0 0 0 0 0 0
E 349 cfg=104 nodes= 545 535 544 554 0 0 0 0 0 0
E 350 cfg=104 nodes= 545 555 546 536 0 0 0 0 0 0
E 351 cfg=104 nodes= 547 537 546 556 0 0 0 0 0 0
E 352 cfg=104 nodes= 548 538 547 557 0 0 0 0 0 0
E 353 cfg=104 nodes= 549 539 548 558 0 0 0 0 0 0
E 354 cfg=104 nodes= 549 559 550 540 0 0 0 0 0 0
E 355 cfg=104 nodes= 550 61 60 541 0 0 0 0 0 0
E 356 cfg=104 nodes= 551 196 195 560 0 0 0 0 0 0
E 357 cfg=104 nodes= 552 542 551 561 0 0 0 0 0 0
E 358 cfg=104 nodes= 552 562 553 543 0 0 0 0 0 0
E 359 cfg=104 nodes= 554 544 553 563 0 0 0 0 0 0
E 360 cfg=104 nodes= 555 545 554 564 0 0 0 0 0 0
E 361 cfg=104 nodes= 556 546 555 565 0 0 0 0 0 0
E 362 cfg=104 nodes= 557 547 556 566 0 0 0 0 0 0
E 363 cfg=104 nodes= 558 548 557 567 0 0 0 0 0 0
E 364 cfg=104 nodes= 558 568 559 549 0 0 0 0 0 0
E 365 cfg=104 nodes= 559 62 61 550 0 0 0 0 0 0
E 366 cfg=104 nodes= 560 195 194 569 0 0 0 0 0 0
E 367 cfg=104 nodes= 561 551 560 570 0 0 0 0 0 0
E 368 cfg=104 nodes= 561 571 562 552 0 0 0 0 0 0
E 369 cfg=104 nodes= 562 572 563 553 0 0 0 0 0 0
E 370 cfg=104 nodes= 564 554 563 573 0 0 0 0 0 0
E 371 cfg=104 nodes= 565 555 564 574 0 0 0 0 0 0
E 372 cfg=104 nodes= 566 556 565 575 0 0 0 0 0 0
E 373 cfg=104 nodes= 566 576 567 557 0 0 0 0 0 0
E 374 cfg=104 nodes= 568 558 567 577 0 0 0 0 0 0
E 375 cfg=104 nodes= 568 63 62 559 0 0 0 0 0 0
E 376 cfg=104 nodes= 578 569 194 193 0 0 0 0 0 0
E 377 cfg=104 nodes= 570 560 569 579 0 0 0 0 0 0
E 378 cfg=104 nodes= 570 580 571 561 0 0 0 0 0 0
E 379 cfg=104 nodes= 571 581 572 562 0 0 0 0 0 0
E 380 cfg=104 nodes= 572 582 573 563 0 0 0 0 0 0
E 381 cfg=104 nodes= 574 564 573 583 0 0 0 0 0 0
E 382 cfg=104 nodes= 575 565 574 584 0 0 0 0 0 0
E 383 cfg=104 nodes= 575 585 576 566 0 0 0 0 0 0
E 384 cfg=104 nodes= 576 586 577 567 0 0 0 0 0 0
E 385 cfg=104 nodes= 63 568 577 64 0 0 0 0 0 0
E 387 cfg=104 nodes= 588 579 569 578 0 0 0 0 0 0
E 388 cfg=104 nodes= 579 589 580 570 0 0 0 0 0 0
E 389 cfg=104 nodes= 580 590 581 571 0 0 0 0 0 0
E 390 cfg=104 nodes= 581 591 582 572 0 0 0 0 0 0
E 391 cfg=104 nodes= 583 573 582 592 0 0 0 0 0 0
E 392 cfg=104 nodes= 584 574 583 593 0 0 0 0 0 0
E 393 cfg=104 nodes= 585 575 584 594 0 0 0 0 0 0
E 394 cfg=104 nodes= 585 595 586 576 0 0 0 0 0 0
E 395 cfg=104 nodes= 586 65 64 577 0 0 0 0 0 0
E 398 cfg=104 nodes= 598 589 579 588 0 0 0 0 0 0
E 399 cfg=104 nodes= 589 599 590 580 0 0 0 0 0 0
E 400 cfg=104 nodes= 590 600 591 581 0 0 0 0 0 0
E 401 cfg=104 nodes= 592 582 591 601 0 0 0 0 0 0
E 402 cfg=104 nodes= 593 583 592 602 0 0 0 0 0 0
E 403 cfg=104 nodes= 594 584 593 603 0 0 0 0 0 0
E 404 cfg=104 nodes= 595 585 594 604 0 0 0 0 0 0
E 405 cfg=104 nodes= 595 66 65 586 0 0 0 0 0 0
E 410 cfg=104 nodes= 609 599 589 598 0 0 0 0 0 0
E 411 cfg=104 nodes= 599 610 600 590 0 0 0 0 0 0
E 413 cfg=104 nodes= 601 591 600 611 0 0 0 0 0 0
E 414 cfg=104 nodes= 602 592 601 612 0 0 0 0 0 0
E 415 cfg=104 nodes= 602 614 603 593 0 0 0 0 0 0
E 416 cfg=104 nodes= 604 594 603 615 0 0 0 0 0 0
E 417 cfg=104 nodes= 66 595 604 67 0 0 0 0 0 0
E 424 cfg=104 nodes= 622 610 599 609 0 0 0 0 0 0
E 425 cfg=104 nodes= 611 600 610 623 0 0 0 0 0 0
E 426 cfg=104 nodes= 612 601 611 624 0 0 0 0 0 0
E 427 cfg=104 nodes= 612 625 614 602 0 0 0 0 0 0
E 428 cfg=104 nodes= 614 626 615 603 0 0 0 0 0 0
E 429 cfg=104 nodes= 67 604 615 68 0 0 0 0 0 0
E 440 cfg=104 nodes= 637 623 610 622 0 0 0 0 0 0
E 441 cfg=104 nodes= 624 611 623 638 0 0 0 0 0 0
E 442 cfg=104 nodes= 624 639 625 612 0 0 0 0 0 0
E 443 cfg=104 nodes= 625 640 626 614 0 0 0 0 0 0
E 444 cfg=104 nodes= 626 69 68 615 0 0 0 0 0 0
E 457 cfg=104 nodes= 654 638 623 637 0 0 0 0 0 0
E 458 cfg=104 nodes= 638 655 639 624 0 0 0 0 0 0
E 459 cfg=104 nodes= 639 656 640 625 0 0 0 0 0 0
E 460 cfg=104 nodes= 640 70 69 626 0 0 0 0 0 0
E 475 cfg=104 nodes= 671 655 638 654 0 0 0 0 0 0
E 476 cfg=104 nodes= 655 673 656 639 0 0 0 0 0 0
E 479 cfg=104 nodes= 656 71 70 640 0 0 0 0 0 0
E 497 cfg=104 nodes= 690 673 655 671 0 0 0 0 0 0
E 498 cfg=104 nodes= 673 72 71 656 0 0 0 0 0 0
E 518 cfg=104 nodes= 690 73 72 673 0 0 0 0 0 0
E 918 cfg=104 nodes= 1051 1095 1053 1052 0 0 0 0 0 0
E 919 cfg=104 nodes= 1050 1097 1095 1051 0 0 0 0 0 0
E 920 cfg=104 nodes= 1095 1096 1054 1053 0 0 0 0 0 0
E 921 cfg=104 nodes= 1055 1054 1096 1098 0 0 0 0 0 0
E 922 cfg=104 nodes= 1049 1100 1097 1050 0 0 0 0 0 0
E 923 cfg=104 nodes= 1097 1099 1096 1095 0 0 0 0 0 0
E 924 cfg=104 nodes= 1056 1055 1098 1057 0 0 0 0 0 0
E 925 cfg=104 nodes= 1098 1096 1099 1101 0 0 0 0 0 0
E 926 cfg=104 nodes= 1100 1102 1099 1097 0 0 0 0 0 0
E 927 cfg=104 nodes= 1048 1103 1100 1049 0 0 0 0 0 0
E 928 cfg=104 nodes= 1103 1104 1102 1100 0 0 0 0 0 0
E 929 cfg=104 nodes= 1057 1098 1101 1058 0 0 0 0 0 0
E 930 cfg=104 nodes= 1102 1106 1101 1099 0 0 0 0 0 0
E 931 cfg=104 nodes= 1103 1048 1047 1105 0 0 0 0 0 0
E 932 cfg=104 nodes= 1104 1103 1105 1108 0 0 0 0 0 0
E 933 cfg=104 nodes= 1105 1047 1046 1107 0 0 0 0 0 0
E 934 cfg=104 nodes= 1104 1109 1106 1102 0 0 0 0 0 0
E 935 cfg=104 nodes= 1106 1059 1058 1101 0 0 0 0 0 0
E 936 cfg=104 nodes= 1108 1105 1107 1110 0 0 0 0 0 0
E 937 cfg=104 nodes= 1109 1104 1108 1112 0 0 0 0 0 0
E 938 cfg=104 nodes= 1107 1046 1045 1111 0 0 0 0 0 0
E 939 cfg=104 nodes= 1109 1060 1059 1106 0 0 0 0 0 0
E 940 cfg=104 nodes= 1110 1107 1111 1115 0 0 0 0 0 0
E 941 cfg=104 nodes= 1110 1113 1112 1108 0 0 0 0 0 0
E 942 cfg=104 nodes= 1060 1109 1112 1061 0 0 0 0 0 0
E 943 cfg=104 nodes= 1111 1045 1044 1114 0 0 0 0 0 0
E 944 cfg=104 nodes= 1113 1062 1061 1112 0 0 0 0 0 0
E 945 cfg=104 nodes= 1115 1117 1113 1110 0 0 0 0 0 0
E 946 cfg=104 nodes= 1114 1044 1043 1118 0 0 0 0 0 0
E 947 cfg=104 nodes= 1115 1111 1114 1116 0 0 0 0 0 0
E 948 cfg=104 nodes= 1116 1114 1118 1119 0 0 0 0 0 0
E 949 cfg=104 nodes= 1117 1063 1062 1113 0 0 0 0 0 0
E 950 cfg=104 nodes= 1117 1115 1116 1120 0 0 0 0 0 0
E 951 cfg=104 nodes= 1118 1043 1042 1121 0 0 0 0 0 0
E 952 cfg=104 nodes= 1119 1122 1120 1116 0 0 0 0 0 0
E 953 cfg=104 nodes= 1063 1117 1120 1064 0 0 0 0 0 0
E 954 cfg=104 nodes= 1121 1042 1041 1124 0 0 0 0 0 0
E 955 cfg=104 nodes= 1119 1118 1121 1123 0 0 0 0 0 0
E 956 cfg=104 nodes= 1123 1125 1122 1119 0 0 0 0 0 0
E 957 cfg=104 nodes= 1122 1127 1064 1120 0 0 0 0 0 0
E 958 cfg=104 nodes= 1123 1121 1124 1126 0 0 0 0 0 0
E 959 cfg=104 nodes= 1040 1128 1124 1041 0 0 0 0 0 0
E 960 cfg=104 nodes= 1125 1123 1126 1131 0 0 0 0 0 0
E 961 cfg=104 nodes= 1130 1065 1064 1127 0 0 0 0 0 0
E 962 cfg=104 nodes= 1125 1132 1127 1122 0 0 0 0 0 0
E 963 cfg=104 nodes= 1128 1129 1126 1124 0 0 0 0 0 0
E 964 cfg=104 nodes= 1039 1094 1128 1040 0 0 0 0 0 0
E 965 cfg=104 nodes= 1129 1134 1131 1126 0 0 0 0 0 0
E 966 cfg=104 nodes= 1094 1093 1129 1128 0 0 0 0 0 0
E 967 cfg=104 nodes= 1132 1125 1131 1136 0 0 0 0 0 0
E 968 cfg=104 nodes= 1135 1066 1065 1130 0 0 0 0 0 0
E 969 cfg=104 nodes= 1133 1130 1127 1132 0 0 0 0 0 0
E 970 cfg=104 nodes= 1132 1136 1137 1133 0 0 0 0 0 0
E 971 cfg=104 nodes= 1139 1135 1130 1133 0 0 0 0 0 0
E 972 cfg=104 nodes= 1138 1067 1066 1135 0 0 0 0 0 0
E 973 cfg=104 nodes= 1093 1092 1134 1129 0 0 0 0 0 0
E 974 cfg=104 nodes= 1134 1140 1136 1131 0 0 0 0 0 0
E 975 cfg=104 nodes= 1067 1138 1141 1068 0 0 0 0 0 0
E 976 cfg=104 nodes= 1133 1137 1143 1139 0 0 0 0 0 0
E 977 cfg=104 nodes= 1136 1140 1142 1137 0 0 0 0 0 0
E 978 cfg=104 nodes= 1144 1138 1135 1139 0 0 0 0 0 0
E 979 cfg=104 nodes= 1092 1091 1140 1134 0 0 0 0 0 0
E 980 cfg=104 nodes= 1068 1141 1146 1069 0 0 0 0 0 0
E 981 cfg=104 nodes= 1138 1144 1145 1141 0 0 0 0 0 0
E 982 cfg=104 nodes= 1137 1142 1148 1143 0 0 0 0 0 0
E 983 cfg=104 nodes= 1147 1144 1139 1143 0 0 0 0 0 0
E 984 cfg=104 nodes= 1140 1091 1090 1142 0 0 0 0 0 0
E 985 cfg=104 nodes= 1141 1145 1150 1146 0 0 0 0 0 0
E 986 cfg=104 nodes= 1144 1147 1149 1145 0 0 0 0 0 0
E 987 cfg=104 nodes= 1152 1147 1143 1148 0 0 0 0 0 0
E 988 cfg=104 nodes= 1142 1090 1089 1148 0 0 0 0 0 0
E 989 cfg=104 nodes= 1151 1070 1069 1146 0 0 0 0 0 0
E 990 cfg=104 nodes= 1145 1149 1153 1150 0 0 0 0 0 0
E 991 cfg=104 nodes= 1154 1151 1146 1150 0 0 0 0 0 0
E 992 cfg=104 nodes= 1156 1071 1070 1151 0 0 0 0 0 0
E 993 cfg=104 nodes= 1088 1152 1148 1089 0 0 0 0 0 0
E 994 cfg=104 nodes= 1147 1152 1155 1149 0 0 0 0 0 0
E 995 cfg=104 nodes= 1157 1154 1150 1153 0 0 0 0 0 0
E 996 cfg=104 nodes= 1159 1072 1071 1156 0 0 0 0 0 0
E 997 cfg=104 nodes= 1158 1156 1151 1154 0 0 0 0 0 0
E 998 cfg=104 nodes= 1152 1088 1087 1155 0 0 0 0 0 0
E 999 cfg=104 nodes= 1149 1155 1160 1153 0 0 0 0 0 0
E 1000 cfg=104 nodes= 1163 1158 1154 1157 0 0 0 0 0 0
E 1001 cfg=104 nodes= 1164 1157 1153 1160 0 0 0 0 0 0
E 1002 cfg=104 nodes= 1162 1073 1072 1159 0 0 0 0 0 0
E 1003 cfg=104 nodes= 1161 1159 1156 1158 0 0 0 0 0 0
E 1004 cfg=104 nodes= 1155 1087 1086 1160 0 0 0 0 0 0
E 1005 cfg=104 nodes= 1168 1161 1158 1163 0 0 0 0 0 0
E 1006 cfg=104 nodes= 1167 1163 1157 1164 0 0 0 0 0 0
E 1007 cfg=104 nodes= 1166 1162 1159 1161 0 0 0 0 0 0
E 1008 cfg=104 nodes= 1085 1164 1160 1086 0 0 0 0 0 0
E 1009 cfg=104 nodes= 1165 1074 1073 1162 0 0 0 0 0 0
E 1010 cfg=104 nodes= 1169 1165 1162 1166 0 0 0 0 0 0
E 1011 cfg=104 nodes= 1076 1075 1074 1165 0 0 0 0 0 0
E 1012 cfg=104 nodes= 1171 1168 1163 1167 0 0 0 0 0 0
E 1013 cfg=104 nodes= 1084 1167 1164 1085 0 0 0 0 0 0
E 1014 cfg=104 nodes= 1161 1168 1170 1166 0 0 0 0 0 0
E 1015 cfg=104 nodes= 1166 1170 1172 1169 0 0 0 0 0 0
E 1016 cfg=104 nodes= 1083 1171 1167 1084 0 0 0 0 0 0
E 1017 cfg=104 nodes= 1077 1076 1165 1169 0 0 0 0 0 0
E 1018 cfg=104 nodes= 1168 1171 1173 1170 0 0 0 0 0 0
E 1019 cfg=104 nodes= 1171 1083 1082 1173 0 0 0 0 0 0
E 1020 cfg=104 nodes= 1170 1173 1174 1172 0 0 0 0 0 0
E 1021 cfg=104 nodes= 1078 1077 1169 1172 0 0 0 0 0 0
E 1022 cfg=104 nodes= 1079 1078 1172 1174 0 0 0 0 0 0
E 1023 cfg=104 nodes= 1173 1082 1081 1174 0 0 0 0 0 0
E 1024 cfg=104 nodes= 1080 1079 1174 1081 0 0 0 0 0 0
