read: 1
elems=537 first=1 2 3 4 5 6 7 8 9 10 last=1015 1016 1017 1018 1019 1020 1021 1022 1023 1024
E 375 cfg=104 nodes= 568 63 62 559 0 0 0 0 0 0 0 0
E 376 cfg=104 nodes= 578 569 194 193 0 0 0 0 0 0 0 0
E 377 cfg=104 nodes= 570 560 569 579 0 0 0 0 0 0 0 0
E 378 cfg=104 nodes= 570 580 571 561 0 0 0 0 0 0 0 0
E 379 cfg=104 nodes= 571 581 572 562 0 0 0 0 0 0 0 0
E 380 cfg=104 nodes= 572 582 573 563 0 0 0 0 0 0 0 0
E 381 cfg=104 nodes= 574 564 573 583 0 0 0 0 0 0 0 0
E 382 cfg=104 nodes= 575 565 574 584 0 0 0 0 0 0 0 0
E 383 cfg=104 nodes= 575 585 576 566 0 0 0 0 0 0 0 0
E 384 cfg=104 nodes= 576 586 577 567 0 0 0 0 0 0 0 0
E 385 cfg=104 nodes= 63 568 577 64 0 0 0 0 0 0 0 0
E 387 cfg=104 nodes= 588 579 569 578 0 0 0 0 0 0 0 0
E 388 cfg=104 nodes= 579 589 580 570 0 0 0 0 0 0 0 0
E 389 cfg=104 nodes= 580 590 581 571 0 0 0 0 0 0 0 0
E 390 cfg=104 nodes= 581 591 582 572 0 0 0 0 0 0 0 0
E 391 cfg=104 nodes= 583 573 582 592 0 0 0 0 0 0 0 0
E 392 cfg=104 nodes= 584 574 583 593 0 0 0 0 0 0 0 0
E 393 cfg=104 nodes= 585 575 584 594 0 0 0 0 0 0 0 0
E 394 cfg=104 nodes= 585 595 586 576 0 0 0 0 0 0 0 0
E 395 cfg=104 nodes= 586 65 64 577 0 0 0 0 0 0 0 0
E 398 cfg=104 nodes= 598 589 579 588 0 0 0 0 0 0 0 0
E 399 cfg=104 nodes= 589 599 590 580 0 0 0 0 0 0 0 0
E 400 cfg=104 nodes= 590 600 591 581 0 0 0 0 0 0 0 0
E 401 cfg=104 nodes= 592 582 591 601 0 0 0 0 0 0 0 0
E 402 cfg=104 nodes= 593 583 592 602 0 0 0 0 0 0 0 0
E 403 cfg=104 nodes= 594 584 593 603 0 0 0 0 0 0 0 0
E 404 cfg=104 nodes= 595 585 594 604 0 0 0 0 0 0 0 0
E 405 cfg=104 nodes= 595 66 65 586 0 0 0 0 0 0 0 0
E 410 cfg=104 nodes= 609 599 589 598 0 0 0 0 0 0 0 0
E 411 cfg=104 nodes= 599 610 600 590 0 0 0 0 0 0 0 0
E 413 cfg=104 nodes= 601 591 600 611 0 0 0 0 0 0 0 0
E 414 cfg=104 nodes= 602 592 601 612 0 0 0 0 0 0 0 0
E 415 cfg=104 nodes= 602 614 603 593 0 0 0 0 0 0 0 0
E 416 cfg=104 nodes= 604 594 603 615 0 0 0 0 0 0 0 0
E 417 cfg=104 nodes= 66 595 604 67 0 0 0 0 0 0 0 0
E 424 cfg=104 nodes= 622 610 599 609 0 0 0 0 0 0 0 0
E 425 cfg=104 nodes= 611 600 610 623 0 0 0 0 0 0 0 0
E 426 cfg=104 nodes= 612 601 611 624 0 0 0 0 0 0 0 0
E 427 cfg=104 nodes= 612 625 614 602 0 0 0 0 0 0 0 0
E 428 cfg=104 nodes= 614 626 615 603 0 0 0 0 0 0 0 0
E 429 cfg=104 nodes= 67 604 615 68 0 0 0 0 0 0 0 0
