readfile: 1
count=7182 first20=1 2 3 4 5 6 7 8 9 10 11 12 13 14 15 16 17 18 19 20
E 1 cfg=104 nodes= 162 167 166 161 0 0 0 0 0 0
E 2 cfg=104 nodes= 161 166 165 160 0 0 0 0 0 0
E 3 cfg=104 nodes= 160 165 164 159 0 0 0 0 0 0
E 4 cfg=104 nodes= 159 164 163 158 0 0 0 0 0 0
E 5 cfg=104 nodes= 167 172 171 166 0 0 0 0 0 0
E 6 cfg=104 nodes= 166 171 170 165 0 0 0 0 0 0
E 7 cfg=104 nodes= 165 170 169 164 0 0 0 0 0 0
E 8 cfg=104 nodes= 164 169 168 163 0 0 0 0 0 0
E 9 cfg=104 nodes= 172 177 176 171 0 0 0 0 0 0
E 10 cfg=104 nodes= 171 176 175 170 0 0 0 0 0 0
E 11 cfg=104 nodes= 170 175 174 169 0 0 0 0 0 0
E 12 cfg=104 nodes= 169 174 173 168 0 0 0 0 0 0
E 13 cfg=104 nodes= 177 182 181 176 0 0 0 0 0 0
E 14 cfg=104 nodes= 176 181 180 175 0 0 0 0 0 0
E 15 cfg=104 nodes= 175 180 179 174 0 0 0 0 0 0
E 16 cfg=104 nodes= 174 179 178 173 0 0 0 0 0 0
E 17 cfg=104 nodes= 182 183 184 181 0 0 0 0 0 0
E 18 cfg=104 nodes= 181 184 185 180 0 0 0 0 0 0
E 19 cfg=104 nodes= 180 185 186 179 0 0 0 0 0 0
E 20 cfg=104 nodes= 179 186 187 178 0 0 0 0 0 0
