read: 1
elems=1009
E 377 cfg=104 nodes= 580 552 454 582 0 0 0 0 0 0
E 378 cfg=104 nodes= 552 553 461 454 0 0 0 0 0 0
E 379 cfg=104 nodes= 553 554 468 461 0 0 0 0 0 0
E 380 cfg=104 nodes= 554 555 475 468 0 0 0 0 0 0
E 381 cfg=104 nodes= 555 556 482 475 0 0 0 0 0 0
E 382 cfg=104 nodes= 556 557 489 482 0 0 0 0 0 0
E 383 cfg=104 nodes= 557 558 496 489 0 0 0 0 0 0
E 384 cfg=104 nodes= 558 559 503 496 0 0 0 0 0 0
E 385 cfg=104 nodes= 559 560 510 503 0 0 0 0 0 0
E 386 cfg=104 nodes= 560 561 517 510 0 0 0 0 0 0
E 387 cfg=104 nodes= 561 562 524 517 0 0 0 0 0 0
E 388 cfg=104 nodes= 562 563 531 524 0 0 0 0 0 0
E 389 cfg=104 nodes= 563 564 538 531 0 0 0 0 0 0
E 390 cfg=104 nodes= 564 565 545 538 0 0 0 0 0 0
E 391 cfg=104 nodes= 565 580 582 545 0 0 0 0 0 0
E 392 cfg=104 nodes= 582 454 455 584 0 0 0 0 0 0
E 393 cfg=104 nodes= 454 461 462 455 0 0 0 0 0 0
E 394 cfg=104 nodes= 461 468 469 462 0 0 0 0 0 0
E 395 cfg=104 nodes= 468 475 476 469 0 0 0 0 0 0
E 396 cfg=104 nodes= 475 482 483 476 0 0 0 0 0 0
E 397 cfg=104 nodes= 482 489 490 483 0 0 0 0 0 0
E 398 cfg=104 nodes= 489 496 497 490 0 0 0 0 0 0
E 399 cfg=104 nodes= 496 503 504 497 0 0 0 0 0 0
E 400 cfg=104 nodes= 503 510 511 504 0 0 0 0 0 0
E 401 cfg=104 nodes= 510 517 518 511 0 0 0 0 0 0
E 402 cfg=104 nodes= 517 524 525 518 0 0 0 0 0 0
E 403 cfg=104 nodes= 524 531 532 525 0 0 0 0 0 0
E 404 cfg=104 nodes= 531 538 539 532 0 0 0 0 0 0
E 405 cfg=104 nodes= 538 545 546 539 0 0 0 0 0 0
E 406 cfg=104 nodes= 545 582 584 546 0 0 0 0 0 0
E 407 cfg=104 nodes= 584 455 456 586 0 0 0 0 0 0
E 408 cfg=104 nodes= 455 462 463 456 0 0 0 0 0 0
E 409 cfg=104 nodes= 462 469 470 463 0 0 0 0 0 0
E 410 cfg=104 nodes= 469 476 477 470 0 0 0 0 0 0
E 411 cfg=104 nodes= 476 483 484 477 0 0 0 0 0 0
E 412 cfg=104 nodes= 483 490 491 484 0 0 0 0 0 0
E 413 cfg=104 nodes= 490 497 498 491 0 0 0 0 0 0
E 414 cfg=104 nodes= 497 504 505 498 0 0 0 0 0 0
E 415 cfg=104 nodes= 504 511 512 505 0 0 0 0 0 0
E 416 cfg=104 nodes= 511 518 519 512 0 0 0 0 0 0
E 417 cfg=104 nodes= 518 525 526 519 0 0 0 0 0 0
E 418 cfg=104 nodes= 525 532 533 526 0 0 0 0 0 0
E 419 cfg=104 nodes= 532 539 540 533 0 0 0 0 0 0
E 420 cfg=104 nodes= 539 546 547 540 0 0 0 0 0 0
E 421 cfg=104 nodes= 546 584 586 547 0 0 0 0 0 0
E 422 cfg=104 nodes= 586 456 457 588 0 0 0 0 0 0
E 423 cfg=104 nodes= 456 463 464 457 0 0 0 0 0 0
E 424 cfg=104 nodes= 463 470 471 464 0 0 0 0 0 0
E 425 cfg=104 nodes= 470 477 478 471 0 0 0 0 0 0
E 426 cfg=104 nodes= 477 484 485 478 0 0 0 0 0 0
E 427 cfg=104 nodes= 484 491 492 485 0 0 0 0 0 0
E 428 cfg=104 nodes= 491 498 499 492 0 0 0 0 0 0
E 429 cfg=104 nodes= 498 505 506 499 0 0 0 0 0 0
E 430 cfg=104 nodes= 505 512 513 506 0 0 0 0 0 0
E 431 cfg=104 nodes= 512 519 520 513 0 0 0 0 0 0
E 432 cfg=104 nodes= 519 526 527 520 0 0 0 0 0 0
E 433 cfg=104 nodes= 526 533 534 527 0 0 0 0 0 0
E 434 cfg=104 nodes= 533 540 541 534 0 0 0 0 0 0
E 435 cfg=104 nodes= 540 547 548 541 0 0 0 0 0 0
E 436 cfg=104 nodes= 547 586 588 548 0 0 0 0 0 0
E 437 cfg=104 nodes= 588 457 458 590 0 0 0 0 0 0
E 438 cfg=104 nodes= 457 464 465 458 0 0 0 0 0 0
E 439 cfg=104 nodes= 464 471 472 465 0 0 0 0 0 0
E 440 cfg=104 nodes= 471 478 479 472 0 0 0 0 0 0
E 441 cfg=104 nodes= 478 485 486 479 0 0 0 0 0 0
E 442 cfg=104 nodes= 485 492 493 486 0 0 0 0 0 0
E 443 cfg=104 nodes= 492 499 500 493 0 0 0 0 0 0
E 444 cfg=104 nodes= 499 506 507 500 0 0 0 0 0 0
E 445 cfg=104 nodes= 506 513 514 507 0 0 0 0 0 0
E 446 cfg=104 nodes= 513 520 521 514 0 0 0 0 0 0
E 447 cfg=104 nodes= 520 527 528 521 0 0 0 0 0 0
E 448 cfg=104 nodes= 527 534 535 528 0 0 0 0 0 0
E 449 cfg=104 nodes= 534 541 542 535 0 0 0 0 0 0
E 450 cfg=104 nodes= 541 548 549 542 0 0 0 0 0 0
E 451 cfg=104 nodes= 548 588 590 549 0 0 0 0 0 0
E 452 cfg=104 nodes= 590 458 459 592 0 0 0 0 0 0
E 453 cfg=104 nodes= 458 465 466 459 0 0 0 0 0 0
E 454 cfg=104 nodes= 465 472 473 466 0 0 0 0 0 0
E 455 cfg=104 nodes= 472 479 480 473 0 0 0 0 0 0
E 456 cfg=104 nodes= 479 486 487 480 0 0 0 0 0 0
E 457 cfg=104 nodes= 486 493 494 487 0 0 0 0 0 0
E 458 cfg=104 nodes= 493 500 501 494 0 0 0 0 0 0
E 459 cfg=104 nodes= 500 507 508 501 0 0 0 0 0 0
E 460 cfg=104 nodes= 507 514 515 508 0 0 0 0 0 0
E 461 cfg=104 nodes= 514 521 522 515 0 0 0 0 0 0
E 462 cfg=104 nodes= 521 528 529 522 0 0 0 0 0 0
E 463 cfg=104 nodes= 528 535 536 529 0 0 0 0 0 0
E 464 cfg=104 nodes= 535 542 543 536 0 0 0 0 0 0
E 465 cfg=104 nodes= 542 549 550 543 0 0 0 0 0 0
E 466 cfg=104 nodes= 549 590 592 550 0 0 0 0 0 0
E 467 cfg=104 nodes= 592 459 460 594 0 0 0 0 0 0
E 468 cfg=104 nodes= 459 466 467 460 0 0 0 0 0 0
E 469 cfg=104 nodes= 466 473 474 467 0 0 0 0 0 0
E 470 cfg=104 nodes= 473 480 481 474 0 0 0 0 0 0
E 471 cfg=104 nodes= 480 487 488 481 0 0 0 0 0 0
E 472 cfg=104 nodes= 487 494 495 488 0 0 0 0 0 0
E 473 cfg=104 nodes= 494 501 502 495 0 0 0 0 0 0
E 474 cfg=104 nodes= 501 508 509 502 0 0 0 0 0 0
E 475 cfg=104 nodes= 508 515 516 509 0 0 0 0 0 0
E 476 cfg=104 nodes= 515 522 523 516 0 0 0 0 0 0
E 477 cfg=104 nodes= 522 529 530 523 0 0 0 0 0 0
E 478 cfg=104 nodes= 529 536 537 530 0 0 0 0 0 0
E 479 cfg=104 nodes= 536 543 544 537 0 0 0 0 0 0
E 480 cfg=104 nodes= 543 550 551 544 0 0 0 0 0 0
E 481 cfg=104 nodes= 550 592 594 551 0 0 0 0 0 0
E 482 cfg=104 nodes= 594 460 552 580 0 0 0 0 0 0
E 483 cfg=104 nodes= 460 467 553 552 0 0 0 0 0 0
E 484 cfg=104 nodes= 467 474 554 553 0 0 0 0 0 0
E 485 cfg=104 nodes= 474 481 555 554 0 0 0 0 0 0
E 486 cfg=104 nodes= 481 488 556 555 0 0 0 0 0 0
E 487 cfg=104 nodes= 488 495 557 556 0 0 0 0 0 0
E 488 cfg=104 nodes= 495 502 558 557 0 0 0 0 0 0
E 489 cfg=104 nodes= 502 509 559 558 0 0 0 0 0 0
E 490 cfg=104 nodes= 509 516 560 559 0 0 0 0 0 0
E 491 cfg=104 nodes= 516 523 561 560 0 0 0 0 0 0
E 492 cfg=104 nodes= 523 530 562 561 0 0 0 0 0 0
E 493 cfg=104 nodes= 530 537 563 562 0 0 0 0 0 0
E 494 cfg=104 nodes= 537 544 564 563 0 0 0 0 0 0
E 495 cfg=104 nodes= 544 551 565 564 0 0 0 0 0 0
E 496 cfg=104 nodes= 551 594 580 565 0 0 0 0 0 0
E 6079 cfg=55 nodes= 598 457 464 471 478 485 492 499 506 513
E 257 cfg=104 nodes= 436 408 310 438 0 0 0 0 0 0
E 258 cfg=104 nodes= 408 409 317 310 0 0 0 0 0 0
E 259 cfg=104 nodes= 409 410 324 317 0 0 0 0 0 0
E 260 cfg=104 nodes= 410 411 331 324 0 0 0 0 0 0
E 261 cfg=104 nodes= 411 412 338 331 0 0 0 0 0 0
E 262 cfg=104 nodes= 412 413 345 338 0 0 0 0 0 0
E 263 cfg=104 nodes= 413 414 352 345 0 0 0 0 0 0
E 264 cfg=104 nodes= 414 415 359 352 0 0 0 0 0 0
E 265 cfg=104 nodes= 415 416 366 359 0 0 0 0 0 0
E 266 cfg=104 nodes= 416 417 373 366 0 0 0 0 0 0
E 267 cfg=104 nodes= 417 418 380 373 0 0 0 0 0 0
E 268 cfg=104 nodes= 418 419 387 380 0 0 0 0 0 0
E 269 cfg=104 nodes= 419 420 394 387 0 0 0 0 0 0
E 270 cfg=104 nodes= 420 421 401 394 0 0 0 0 0 0
E 271 cfg=104 nodes= 421 436 438 401 0 0 0 0 0 0
E 272 cfg=104 nodes= 438 310 311 440 0 0 0 0 0 0
E 273 cfg=104 nodes= 310 317 318 311 0 0 0 0 0 0
E 274 cfg=104 nodes= 317 324 325 318 0 0 0 0 0 0
E 275 cfg=104 nodes= 324 331 332 325 0 0 0 0 0 0
E 276 cfg=104 nodes= 331 338 339 332 0 0 0 0 0 0
E 277 cfg=104 nodes= 338 345 346 339 0 0 0 0 0 0
E 278 cfg=104 nodes= 345 352 353 346 0 0 0 0 0 0
E 279 cfg=104 nodes= 352 359 360 353 0 0 0 0 0 0
E 280 cfg=104 nodes= 359 366 367 360 0 0 0 0 0 0
E 281 cfg=104 nodes= 366 373 374 367 0 0 0 0 0 0
E 282 cfg=104 nodes= 373 380 381 374 0 0 0 0 0 0
E 283 cfg=104 nodes= 380 387 388 381 0 0 0 0 0 0
E 284 cfg=104 nodes= 387 394 395 388 0 0 0 0 0 0
E 285 cfg=104 nodes= 394 401 402 395 0 0 0 0 0 0
E 286 cfg=104 nodes= 401 438 440 402 0 0 0 0 0 0
E 287 cfg=104 nodes= 440 311 312 442 0 0 0 0 0 0
E 288 cfg=104 nodes= 311 318 319 312 0 0 0 0 0 0
E 289 cfg=104 nodes= 318 325 326 319 0 0 0 0 0 0
E 290 cfg=104 nodes= 325 332 333 326 0 0 0 0 0 0
E 291 cfg=104 nodes= 332 339 340 333 0 0 0 0 0 0
E 292 cfg=104 nodes= 339 346 347 340 0 0 0 0 0 0
E 293 cfg=104 nodes= 346 353 354 347 0 0 0 0 0 0
E 294 cfg=104 nodes= 353 360 361 354 0 0 0 0 0 0
E 295 cfg=104 nodes= 360 367 368 361 0 0 0 0 0 0
E 296 cfg=104 nodes= 367 374 375 368 0 0 0 0 0 0
E 297 cfg=104 nodes= 374 381 382 375 0 0 0 0 0 0
E 298 cfg=104 nodes= 381 388 389 382 0 0 0 0 0 0
E 299 cfg=104 nodes= 388 395 396 389 0 0 0 0 0 0
E 300 cfg=104 nodes= 395 402 403 396 0 0 0 0 0 0
E 301 cfg=104 nodes= 402 440 442 403 0 0 0 0 0 0
E 302 cfg=104 nodes= 442 312 313 444 0 0 0 0 0 0
E 303 cfg=104 nodes= 312 319 320 313 0 0 0 0 0 0
E 304 cfg=104 nodes= 319 326 327 320 0 0 0 0 0 0
E 305 cfg=104 nodes= 326 333 334 327 0 0 0 0 0 0
E 306 cfg=104 nodes= 333 340 341 334 0 0 0 0 0 0
E 307 cfg=104 nodes= 340 347 348 341 0 0 0 0 0 0
E 308 cfg=104 nodes= 347 354 355 348 0 0 0 0 0 0
E 309 cfg=104 nodes= 354 361 362 355 0 0 0 0 0 0
E 310 cfg=104 nodes= 361 368 369 362 0 0 0 0 0 0
E 311 cfg=104 nodes= 368 375 376 369 0 0 0 0 0 0
E 312 cfg=104 nodes= 375 382 383 376 0 0 0 0 0 0
E 313 cfg=104 nodes= 382 389 390 383 0 0 0 0 0 0
E 314 cfg=104 nodes= 389 396 397 390 0 0 0 0 0 0
E 315 cfg=104 nodes= 396 403 404 397 0 0 0 0 0 0
E 316 cfg=104 nodes= 403 442 444 404 0 0 0 0 0 0
E 317 cfg=104 nodes= 444 313 314 446 0 0 0 0 0 0
E 318 cfg=104 nodes= 313 320 321 314 0 0 0 0 0 0
E 319 cfg=104 nodes= 320 327 328 321 0 0 0 0 0 0
E 320 cfg=104 nodes= 327 334 335 328 0 0 0 0 0 0
E 321 cfg=104 nodes= 334 341 342 335 0 0 0 0 0 0
E 322 cfg=104 nodes= 341 348 349 342 0 0 0 0 0 0
E 323 cfg=104 nodes= 348 355 356 349 0 0 0 0 0 0
E 324 cfg=104 nodes= 355 362 363 356 0 0 0 0 0 0
E 325 cfg=104 nodes= 362 369 370 363 0 0 0 0 0 0
E 326 cfg=104 nodes= 369 376 377 370 0 0 0 0 0 0
E 327 cfg=104 nodes= 376 383 384 377 0 0 0 0 0 0
E 328 cfg=104 nodes= 383 390 391 384 0 0 0 0 0 0
E 329 cfg=104 nodes= 390 397 398 391 0 0 0 0 0 0
E 330 cfg=104 nodes= 397 404 405 398 0 0 0 0 0 0
E 331 cfg=104 nodes= 404 444 446 405 0 0 0 0 0 0
E 332 cfg=104 nodes= 446 314 315 448 0 0 0 0 0 0
E 333 cfg=104 nodes= 314 321 322 315 0 0 0 0 0 0
E 334 cfg=104 nodes= 321 328 329 322 0 0 0 0 0 0
E 335 cfg=104 nodes= 328 335 336 329 0 0 0 0 0 0
E 336 cfg=104 nodes= 335 342 343 336 0 0 0 0 0 0
E 337 cfg=104 nodes= 342 349 350 343 0 0 0 0 0 0
E 338 cfg=104 nodes= 349 356 357 350 0 0 0 0 0 0
E 339 cfg=104 nodes= 356 363 364 357 0 0 0 0 0 0
E 340 cfg=104 nodes= 363 370 371 364 0 0 0 0 0 0
E 341 cfg=104 nodes= 370 377 378 371 0 0 0 0 0 0
E 342 cfg=104 nodes= 377 384 385 378 0 0 0 0 0 0
E 343 cfg=104 nodes= 384 391 392 385 0 0 0 0 0 0
E 344 cfg=104 nodes= 391 398 399 392 0 0 0 0 0 0
E 345 cfg=104 nodes= 398 405 406 399 0 0 0 0 0 0
E 346 cfg=104 nodes= 405 446 448 406 0 0 0 0 0 0
E 347 cfg=104 nodes= 448 315 316 450 0 0 0 0 0 0
E 348 cfg=104 nodes= 315 322 323 316 0 0 0 0 0 0
E 349 cfg=104 nodes= 322 329 330 323 0 0 0 0 0 0
E 350 cfg=104 nodes= 329 336 337 330 0 0 0 0 0 0
E 351 cfg=104 nodes= 336 343 344 337 0 0 0 0 0 0
E 352 cfg=104 nodes= 343 350 351 344 0 0 0 0 0 0
E 353 cfg=104 nodes= 350 357 358 351 0 0 0 0 0 0
E 354 cfg=104 nodes= 357 364 365 358 0 0 0 0 0 0
E 355 cfg=104 nodes= 364 371 372 365 0 0 0 0 0 0
E 356 cfg=104 nodes= 371 378 379 372 0 0 0 0 0 0
E 357 cfg=104 nodes= 378 385 386 379 0 0 0 0 0 0
E 358 cfg=104 nodes= 385 392 393 386 0 0 0 0 0 0
E 359 cfg=104 nodes= 392 399 400 393 0 0 0 0 0 0
E 360 cfg=104 nodes= 399 406 407 400 0 0 0 0 0 0
E 361 cfg=104 nodes= 406 448 450 407 0 0 0 0 0 0
E 362 cfg=104 nodes= 450 316 408 436 0 0 0 0 0 0
E 363 cfg=104 nodes= 316 323 409 408 0 0 0 0 0 0
E 364 cfg=104 nodes= 323 330 410 409 0 0 0 0 0 0
E 365 cfg=104 nodes= 330 337 411 410 0 0 0 0 0 0
E 366 cfg=104 nodes= 337 344 412 411 0 0 0 0 0 0
E 367 cfg=104 nodes= 344 351 413 412 0 0 0 0 0 0
E 368 cfg=104 nodes= 351 358 414 413 0 0 0 0 0 0
E 369 cfg=104 nodes= 358 365 415 414 0 0 0 0 0 0
E 370 cfg=104 nodes= 365 372 416 415 0 0 0 0 0 0
E 371 cfg=104 nodes= 372 379 417 416 0 0 0 0 0 0
E 372 cfg=104 nodes= 379 386 418 417 0 0 0 0 0 0
E 373 cfg=104 nodes= 386 393 419 418 0 0 0 0 0 0
E 374 cfg=104 nodes= 393 400 420 419 0 0 0 0 0 0
E 375 cfg=104 nodes= 400 407 421 420 0 0 0 0 0 0
E 376 cfg=104 nodes= 407 450 436 421 0 0 0 0 0 0
E 6078 cfg=55 nodes= 1 313 320 327 334 341 348 355 362 369
E 497 cfg=22 nodes= 598 1 0 0 0 0 0 0 0 0
E 5924 cfg=208 nodes= 3188 3189 7417 7302 3185 3186 7419 7336 0 0
E 5757 cfg=208 nodes= 7165 7239 3118 3117 7167 7241 3121 3120 0 0
E 5596 cfg=208 nodes= 1666 1665 7010 7046 1662 1659 7012 7048 0 0
E 6032 cfg=208 nodes= 1793 1794 7531 7492 1796 1798 7533 7526 0 0
E 6033 cfg=208 nodes= 7492 7531 7033 7032 7526 7533 7031 7030 0 0
E 5649 cfg=208 nodes= 7046 7010 1665 1666 7080 7044 1668 1669 0 0
E 5996 cfg=208 nodes= 1793 1795 7493 7492 1790 1792 7495 7494 0 0
E 5598 cfg=208 nodes= 1662 1659 7012 7048 1663 1660 7014 7050 0 0
E 5651 cfg=208 nodes= 7010 7011 1664 1665 7044 7045 1667 1668 0 0
E 6034 cfg=208 nodes= 1796 1798 7533 7526 1799 1801 7535 7524 0 0
E 5687 cfg=208 nodes= 7164 7165 3117 3116 7166 7167 3120 3119 0 0
E 5600 cfg=208 nodes= 1663 1660 7014 7050 1709 1710 7016 7052 0 0
E 5997 cfg=208 nodes= 7492 7493 7068 7032 7494 7495 7070 7034 0 0
E 6035 cfg=208 nodes= 7526 7533 7031 7030 7524 7535 7029 7028 0 0
E 5689 cfg=208 nodes= 7166 7167 3120 3119 7168 7169 3123 3122 0 0
E 5602 cfg=208 nodes= 1709 1710 7016 7052 1706 1707 7018 7054 0 0
E 5998 cfg=208 nodes= 1790 1792 7495 7494 1787 1789 7497 7496 0 0
E 6036 cfg=208 nodes= 1799 1801 7535 7524 1802 1804 7537 7522 0 0
E 5691 cfg=208 nodes= 7168 7169 3123 3122 7170 7171 3126 3125 0 0
E 5999 cfg=208 nodes= 7494 7495 7070 7034 7496 7497 7072 7036 0 0
E 5604 cfg=208 nodes= 1706 1707 7018 7054 1703 1704 7020 7056 0 0
E 5693 cfg=208 nodes= 7170 7171 3126 3125 7172 7173 3129 3128 0 0
E 6037 cfg=208 nodes= 7524 7535 7029 7028 7522 7537 7027 7026 0 0
E 6000 cfg=208 nodes= 1787 1789 7497 7496 1784 1786 7499 7498 0 0
E 5606 cfg=208 nodes= 1703 1704 7020 7056 1700 1701 7022 7058 0 0
E 5695 cfg=208 nodes= 7172 7173 3129 3128 7174 7175 3132 3131 0 0
E 6038 cfg=208 nodes= 1802 1804 7537 7522 1805 1807 7539 7520 0 0
E 6001 cfg=208 nodes= 7496 7497 7072 7036 7498 7499 7074 7038 0 0
E 5608 cfg=208 nodes= 1700 1701 7022 7058 1697 1698 7024 7060 0 0
E 5697 cfg=208 nodes= 7174 7175 3132 3131 7176 7177 3135 3134 0 0
E 6039 cfg=208 nodes= 7522 7537 7027 7026 7520 7539 7025 7024 0 0
E 6002 cfg=208 nodes= 1784 1786 7499 7498 1781 1783 7501 7500 0 0
E 5610 cfg=208 nodes= 1697 1698 7024 7060 1694 1695 7026 7062 0 0
E 5699 cfg=208 nodes= 7176 7177 3135 3134 7178 7179 3138 3139 0 0
E 6003 cfg=208 nodes= 7498 7499 7074 7038 7500 7501 7076 7040 0 0
E 6040 cfg=208 nodes= 1805 1807 7539 7520 1808 1810 7541 7518 0 0
E 5612 cfg=208 nodes= 1694 1695 7026 7062 1691 1692 7028 7064 0 0
E 5925 cfg=208 nodes= 7302 7417 7176 7177 7336 7419 7174 7175 0 0
E 5816 cfg=208 nodes= 3188 3190 7303 7302 3191 3192 7305 7304 0 0
E 5759 cfg=208 nodes= 7167 7241 3121 3120 7169 7243 3124 3123 0 0
E 5817 cfg=208 nodes= 7302 7303 7251 7177 7304 7305 7253 7179 0 0
E 5926 cfg=208 nodes= 3185 3186 7419 7336 3182 3183 7421 7334 0 0
E 5818 cfg=208 nodes= 3191 3192 7305 7304 3194 3195 7307 7306 0 0
E 5761 cfg=208 nodes= 7169 7243 3124 3123 7171 7245 3127 3126 0 0
E 5819 cfg=208 nodes= 7304 7305 7253 7179 7306 7307 7255 7181 0 0
E 5927 cfg=208 nodes= 7336 7419 7174 7175 7334 7421 7172 7173 0 0
E 5820 cfg=208 nodes= 3194 3195 7307 7306 3197 3198 7309 7308 0 0
E 5763 cfg=208 nodes= 7171 7245 3127 3126 7173 7247 3130 3129 0 0
E 5821 cfg=208 nodes= 7306 7307 7255 7181 7308 7309 7257 7183 0 0
E 5928 cfg=208 nodes= 3182 3183 7421 7334 3179 3180 7423 7332 0 0
E 5822 cfg=208 nodes= 3197 3198 7309 7308 3200 3201 7311 7310 0 0
E 5765 cfg=208 nodes= 7173 7247 3130 3129 7175 7249 3133 3132 0 0
E 5823 cfg=208 nodes= 7308 7309 7257 7183 7310 7311 7259 7185 0 0
E 5824 cfg=208 nodes= 3200 3201 7311 7310 3203 3204 7313 7312 0 0
E 5825 cfg=208 nodes= 7310 7311 7259 7185 7312 7313 7261 7187 0 0
E 5826 cfg=208 nodes= 3203 3204 7313 7312 3206 3207 7315 7314 0 0
E 5929 cfg=208 nodes= 7334 7421 7172 7173 7332 7423 7170 7171 0 0
E 5827 cfg=208 nodes= 7312 7313 7261 7187 7314 7315 7263 7189 0 0
E 5767 cfg=208 nodes= 7175 7249 3133 3132 7177 7251 3136 3135 0 0
E 5828 cfg=208 nodes= 3206 3207 7315 7314 3209 3210 7317 7316 0 0
E 5930 cfg=208 nodes= 3179 3180 7423 7332 3176 3177 7425 7330 0 0
E 5829 cfg=208 nodes= 7314 7315 7263 7189 7316 7317 7265 7191 0 0
E 5769 cfg=208 nodes= 7177 7251 3136 3135 7179 7253 3137 3138 0 0
E 5830 cfg=208 nodes= 3209 3210 7317 7316 3212 3213 7319 7318 0 0
E 5931 cfg=208 nodes= 7332 7423 7170 7171 7330 7425 7168 7169 0 0
E 5831 cfg=208 nodes= 7316 7317 7265 7191 7318 7319 7267 7193 0 0
E 5771 cfg=208 nodes= 7179 7253 3137 3138 7181 7255 3140 3141 0 0
E 5832 cfg=208 nodes= 3212 3213 7319 7318 3162 3165 7321 7320 0 0
E 5833 cfg=208 nodes= 7318 7319 7267 7193 7320 7321 7269 7195 0 0
E 5932 cfg=208 nodes= 3176 3177 7425 7330 3173 3174 7427 7328 0 0
E 5773 cfg=208 nodes= 7181 7255 3140 3141 7183 7257 3143 3144 0 0
E 5562 cfg=208 nodes= 1665 1664 7011 7010 1659 1658 7013 7012 0 0
E 5564 cfg=208 nodes= 1659 1658 7013 7012 1660 1661 7015 7014 0 0
E 5566 cfg=208 nodes= 1660 1661 7015 7014 1710 1711 7017 7016 0 0
E 5568 cfg=208 nodes= 1710 1711 7017 7016 1707 1708 7019 7018 0 0
E 5570 cfg=208 nodes= 1707 1708 7019 7018 1704 1705 7021 7020 0 0
E 5572 cfg=208 nodes= 1704 1705 7021 7020 1701 1702 7023 7022 0 0
E 5574 cfg=208 nodes= 1701 1702 7023 7022 1698 1699 7025 7024 0 0
E 5576 cfg=208 nodes= 1698 1699 7025 7024 1695 1696 7027 7026 0 0
E 5578 cfg=208 nodes= 1695 1696 7027 7026 1692 1693 7029 7028 0 0
E 5580 cfg=208 nodes= 1692 1693 7029 7028 1689 1690 7031 7030 0 0
E 5582 cfg=208 nodes= 1689 1690 7031 7030 1686 1685 7033 7032 0 0
E 5584 cfg=208 nodes= 1686 1685 7033 7032 1683 1682 7035 7034 0 0
E 5586 cfg=208 nodes= 1683 1682 7035 7034 1680 1679 7037 7036 0 0
E 5588 cfg=208 nodes= 1680 1679 7037 7036 1677 1676 7039 7038 0 0
E 5590 cfg=208 nodes= 1677 1676 7039 7038 1674 1673 7041 7040 0 0
E 5592 cfg=208 nodes= 1674 1673 7041 7040 1671 1670 7043 7042 0 0
E 5594 cfg=208 nodes= 1671 1670 7043 7042 1668 1667 7045 7044 0 0
E 6041 cfg=208 nodes= 7520 7539 7025 7024 7518 7541 7023 7022 0 0
E 5614 cfg=208 nodes= 1691 1692 7028 7064 1688 1689 7030 7066 0 0
E 6042 cfg=208 nodes= 1808 1810 7541 7518 1811 1813 7543 7516 0 0
E 5616 cfg=208 nodes= 1688 1689 7030 7066 1687 1686 7032 7068 0 0
E 6043 cfg=208 nodes= 7518 7541 7023 7022 7516 7543 7021 7020 0 0
E 5618 cfg=208 nodes= 1687 1686 7032 7068 1684 1683 7034 7070 0 0
E 6044 cfg=208 nodes= 1811 1813 7543 7516 1814 1816 7545 7514 0 0
E 5620 cfg=208 nodes= 1684 1683 7034 7070 1681 1680 7036 7072 0 0
E 6045 cfg=208 nodes= 7516 7543 7021 7020 7514 7545 7019 7018 0 0
E 5622 cfg=208 nodes= 1681 1680 7036 7072 1678 1677 7038 7074 0 0
E 6046 cfg=208 nodes= 1814 1816 7545 7514 1817 1819 7547 7512 0 0
E 5624 cfg=208 nodes= 1678 1677 7038 7074 1675 1674 7040 7076 0 0
E 6047 cfg=208 nodes= 7514 7545 7019 7018 7512 7547 7017 7016 0 0
E 5626 cfg=208 nodes= 1675 1674 7040 7076 1672 1671 7042 7078 0 0
E 6048 cfg=208 nodes= 1817 1819 7547 7512 1767 1766 7549 7510 0 0
E 5628 cfg=208 nodes= 1672 1671 7042 7078 1669 1668 7044 7080 0 0
E 6049 cfg=208 nodes= 7512 7547 7017 7016 7510 7549 7015 7014 0 0
E 5701 cfg=208 nodes= 7178 7179 3138 3139 7180 7181 3141 3142 0 0
E 6004 cfg=208 nodes= 1781 1783 7501 7500 1778 1780 7503 7502 0 0
E 5703 cfg=208 nodes= 7180 7181 3141 3142 7182 7183 3144 3145 0 0
E 6005 cfg=208 nodes= 7500 7501 7076 7040 7502 7503 7078 7042 0 0
E 5705 cfg=208 nodes= 7182 7183 3144 3145 7184 7185 3147 3148 0 0
E 6006 cfg=208 nodes= 1778 1780 7503 7502 1775 1777 7505 7504 0 0
E 5707 cfg=208 nodes= 7184 7185 3147 3148 7186 7187 3150 3151 0 0
E 6007 cfg=208 nodes= 7502 7503 7078 7042 7504 7505 7080 7044 0 0
E 5709 cfg=208 nodes= 7186 7187 3150 3151 7188 7189 3153 3154 0 0
E 6008 cfg=208 nodes= 1775 1777 7505 7504 1772 1774 7507 7506 0 0
E 5711 cfg=208 nodes= 7188 7189 3153 3154 7190 7191 3156 3157 0 0
E 6009 cfg=208 nodes= 7504 7505 7080 7044 7506 7507 7046 7010 0 0
E 5713 cfg=208 nodes= 7190 7191 3156 3157 7192 7193 3159 3160 0 0
E 6010 cfg=208 nodes= 1772 1774 7507 7506 1768 1771 7509 7508 0 0
E 5715 cfg=208 nodes= 7192 7193 3159 3160 7194 7195 3109 3110 0 0
E 6011 cfg=208 nodes= 7506 7507 7046 7010 7508 7509 7048 7012 0 0
E 5717 cfg=208 nodes= 7194 7195 3109 3110 7196 7197 3108 3107 0 0
E 6012 cfg=208 nodes= 1768 1771 7509 7508 1767 1770 7511 7510 0 0
E 5719 cfg=208 nodes= 7196 7197 3108 3107 7198 7199 3114 3113 0 0
E 6013 cfg=208 nodes= 7508 7509 7048 7012 7510 7511 7050 7014 0 0
E 5721 cfg=208 nodes= 7198 7199 3114 3113 7164 7165 3117 3116 0 0
E 5933 cfg=208 nodes= 7330 7425 7168 7169 7328 7427 7166 7167 0 0
E 5775 cfg=208 nodes= 7183 7257 3143 3144 7185 7259 3146 3147 0 0
E 5934 cfg=208 nodes= 3173 3174 7427 7328 3170 3171 7429 7326 0 0
E 5777 cfg=208 nodes= 7185 7259 3146 3147 7187 7261 3149 3150 0 0
E 5935 cfg=208 nodes= 7328 7427 7166 7167 7326 7429 7164 7165 0 0
E 5779 cfg=208 nodes= 7187 7261 3149 3150 7189 7263 3152 3153 0 0
E 5936 cfg=208 nodes= 3170 3171 7429 7326 3167 3168 7431 7324 0 0
E 5781 cfg=208 nodes= 7189 7263 3152 3153 7191 7265 3155 3156 0 0
E 5937 cfg=208 nodes= 7326 7429 7164 7165 7324 7431 7198 7199 0 0
E 5783 cfg=208 nodes= 7191 7265 3155 3156 7193 7267 3158 3159 0 0
E 5938 cfg=208 nodes= 3167 3168 7431 7324 3163 3164 7433 7322 0 0
E 5785 cfg=208 nodes= 7193 7267 3158 3159 7195 7269 3112 3109 0 0
E 5939 cfg=208 nodes= 7324 7431 7198 7199 7322 7433 7196 7197 0 0
E 5787 cfg=208 nodes= 7195 7269 3112 3109 7197 7271 3111 3108 0 0
E 5940 cfg=208 nodes= 3163 3164 7433 7322 3162 3161 7435 7320 0 0
E 5789 cfg=208 nodes= 7197 7271 3111 3108 7199 7273 3115 3114 0 0
E 5941 cfg=208 nodes= 7322 7433 7196 7197 7320 7435 7194 7195 0 0
E 5791 cfg=208 nodes= 7199 7273 3115 3114 7165 7239 3118 3117 0 0
E 5834 cfg=208 nodes= 3162 3165 7321 7320 3163 3166 7323 7322 0 0
E 5835 cfg=208 nodes= 7320 7321 7269 7195 7322 7323 7271 7197 0 0
E 5836 cfg=208 nodes= 3163 3166 7323 7322 3167 3169 7325 7324 0 0
E 5837 cfg=208 nodes= 7322 7323 7271 7197 7324 7325 7273 7199 0 0
E 5838 cfg=208 nodes= 3167 3169 7325 7324 3170 3172 7327 7326 0 0
E 5839 cfg=208 nodes= 7324 7325 7273 7199 7326 7327 7239 7165 0 0
E 5840 cfg=208 nodes= 3170 3172 7327 7326 3173 3175 7329 7328 0 0
E 5841 cfg=208 nodes= 7326 7327 7239 7165 7328 7329 7241 7167 0 0
E 5842 cfg=208 nodes= 3173 3175 7329 7328 3176 3178 7331 7330 0 0
E 5843 cfg=208 nodes= 7328 7329 7241 7167 7330 7331 7243 7169 0 0
E 5844 cfg=208 nodes= 3176 3178 7331 7330 3179 3181 7333 7332 0 0
E 5845 cfg=208 nodes= 7330 7331 7243 7169 7332 7333 7245 7171 0 0
E 5846 cfg=208 nodes= 3179 3181 7333 7332 3182 3184 7335 7334 0 0
E 5847 cfg=208 nodes= 7332 7333 7245 7171 7334 7335 7247 7173 0 0
E 5848 cfg=208 nodes= 3182 3184 7335 7334 3185 3187 7337 7336 0 0
E 5849 cfg=208 nodes= 7334 7335 7247 7173 7336 7337 7249 7175 0 0
E 5850 cfg=208 nodes= 3185 3187 7337 7336 3188 3190 7303 7302 0 0
E 5851 cfg=208 nodes= 7336 7337 7249 7175 7302 7303 7251 7177 0 0
E 5942 cfg=208 nodes= 3162 3161 7435 7320 3212 3214 7437 7318 0 0
E 5943 cfg=208 nodes= 7320 7435 7194 7195 7318 7437 7192 7193 0 0
E 5944 cfg=208 nodes= 3212 3214 7437 7318 3209 3211 7439 7316 0 0
E 5945 cfg=208 nodes= 7318 7437 7192 7193 7316 7439 7190 7191 0 0
E 5946 cfg=208 nodes= 3209 3211 7439 7316 3206 3208 7441 7314 0 0
E 5947 cfg=208 nodes= 7316 7439 7190 7191 7314 7441 7188 7189 0 0
E 5948 cfg=208 nodes= 3206 3208 7441 7314 3203 3205 7443 7312 0 0
E 5949 cfg=208 nodes= 7314 7441 7188 7189 7312 7443 7186 7187 0 0
E 5950 cfg=208 nodes= 3203 3205 7443 7312 3200 3202 7445 7310 0 0
E 5951 cfg=208 nodes= 7312 7443 7186 7187 7310 7445 7184 7185 0 0
E 5952 cfg=208 nodes= 3200 3202 7445 7310 3197 3199 7447 7308 0 0
E 5953 cfg=208 nodes= 7310 7445 7184 7185 7308 7447 7182 7183 0 0
E 5954 cfg=208 nodes= 3197 3199 7447 7308 3194 3196 7449 7306 0 0
E 5955 cfg=208 nodes= 7308 7447 7182 7183 7306 7449 7180 7181 0 0
E 5956 cfg=208 nodes= 3194 3196 7449 7306 3191 3193 7451 7304 0 0
E 5957 cfg=208 nodes= 7306 7449 7180 7181 7304 7451 7178 7179 0 0
E 5958 cfg=208 nodes= 3191 3193 7451 7304 3188 3189 7417 7302 0 0
E 5959 cfg=208 nodes= 7304 7451 7178 7179 7302 7417 7176 7177 0 0
E 6014 cfg=208 nodes= 1767 1770 7511 7510 1817 1818 7513 7512 0 0
E 6015 cfg=208 nodes= 7510 7511 7050 7014 7512 7513 7052 7016 0 0
E 6016 cfg=208 nodes= 1817 1818 7513 7512 1814 1815 7515 7514 0 0
E 6017 cfg=208 nodes= 7512 7513 7052 7016 7514 7515 7054 7018 0 0
E 6018 cfg=208 nodes= 1814 1815 7515 7514 1811 1812 7517 7516 0 0
E 6019 cfg=208 nodes= 7514 7515 7054 7018 7516 7517 7056 7020 0 0
E 6020 cfg=208 nodes= 1811 1812 7517 7516 1808 1809 7519 7518 0 0
E 6021 cfg=208 nodes= 7516 7517 7056 7020 7518 7519 7058 7022 0 0
E 6022 cfg=208 nodes= 1808 1809 7519 7518 1805 1806 7521 7520 0 0
E 6023 cfg=208 nodes= 7518 7519 7058 7022 7520 7521 7060 7024 0 0
E 6024 cfg=208 nodes= 1805 1806 7521 7520 1802 1803 7523 7522 0 0
E 6025 cfg=208 nodes= 7520 7521 7060 7024 7522 7523 7062 7026 0 0
E 6026 cfg=208 nodes= 1802 1803 7523 7522 1799 1800 7525 7524 0 0
E 6027 cfg=208 nodes= 7522 7523 7062 7026 7524 7525 7064 7028 0 0
E 6028 cfg=208 nodes= 1799 1800 7525 7524 1796 1797 7527 7526 0 0
E 6029 cfg=208 nodes= 7524 7525 7064 7028 7526 7527 7066 7030 0 0
E 6030 cfg=208 nodes= 1796 1797 7527 7526 1793 1795 7493 7492 0 0
E 6031 cfg=208 nodes= 7526 7527 7066 7030 7492 7493 7068 7032 0 0
E 6050 cfg=208 nodes= 1767 1766 7549 7510 1768 1769 7551 7508 0 0
E 6051 cfg=208 nodes= 7510 7549 7015 7014 7508 7551 7013 7012 0 0
E 6052 cfg=208 nodes= 1768 1769 7551 7508 1772 1773 7553 7506 0 0
E 6053 cfg=208 nodes= 7508 7551 7013 7012 7506 7553 7011 7010 0 0
E 6054 cfg=208 nodes= 1772 1773 7553 7506 1775 1776 7555 7504 0 0
E 6055 cfg=208 nodes= 7506 7553 7011 7010 7504 7555 7045 7044 0 0
E 6056 cfg=208 nodes= 1775 1776 7555 7504 1778 1779 7557 7502 0 0
E 6057 cfg=208 nodes= 7504 7555 7045 7044 7502 7557 7043 7042 0 0
E 6058 cfg=208 nodes= 1778 1779 7557 7502 1781 1782 7559 7500 0 0
E 6059 cfg=208 nodes= 7502 7557 7043 7042 7500 7559 7041 7040 0 0
E 6060 cfg=208 nodes= 1781 1782 7559 7500 1784 1785 7561 7498 0 0
E 6061 cfg=208 nodes= 7500 7559 7041 7040 7498 7561 7039 7038 0 0
E 6062 cfg=208 nodes= 1784 1785 7561 7498 1787 1788 7563 7496 0 0
E 6063 cfg=208 nodes= 7498 7561 7039 7038 7496 7563 7037 7036 0 0
E 6064 cfg=208 nodes= 1787 1788 7563 7496 1790 1791 7565 7494 0 0
E 6065 cfg=208 nodes= 7496 7563 7037 7036 7494 7565 7035 7034 0 0
E 6066 cfg=208 nodes= 1790 1791 7565 7494 1793 1794 7531 7492 0 0
E 6067 cfg=208 nodes= 7494 7565 7035 7034 7492 7531 7033 7032 0 0
E 2139 cfg=104 nodes= 7696 3331 3309 7695 0 0 0 0 0 0
E 2140 cfg=104 nodes= 3331 3308 3291 3309 0 0 0 0 0 0
E 2141 cfg=104 nodes= 7697 3330 3331 7696 0 0 0 0 0 0
E 2142 cfg=104 nodes= 3330 3307 3308 3331 0 0 0 0 0 0
E 2143 cfg=104 nodes= 7698 3332 3330 7697 0 0 0 0 0 0
E 2144 cfg=104 nodes= 3332 3306 3307 3330 0 0 0 0 0 0
E 2145 cfg=104 nodes= 7699 3329 3332 7698 0 0 0 0 0 0
E 2146 cfg=104 nodes= 3329 3305 3306 3332 0 0 0 0 0 0
E 2147 cfg=104 nodes= 7700 3334 3329 7699 0 0 0 0 0 0
E 2148 cfg=104 nodes= 3334 3304 3305 3329 0 0 0 0 0 0
E 2149 cfg=104 nodes= 7701 3333 3334 7700 0 0 0 0 0 0
E 2150 cfg=104 nodes= 3333 3303 3304 3334 0 0 0 0 0 0
E 2151 cfg=104 nodes= 7702 3335 3333 7701 0 0 0 0 0 0
E 2152 cfg=104 nodes= 3335 3302 3303 3333 0 0 0 0 0 0
E 2153 cfg=104 nodes= 7703 3336 3335 7702 0 0 0 0 0 0
E 2154 cfg=104 nodes= 3336 3301 3302 3335 0 0 0 0 0 0
E 2155 cfg=104 nodes= 7704 3328 3336 7703 0 0 0 0 0 0
E 2156 cfg=104 nodes= 3328 3300 3301 3336 0 0 0 0 0 0
E 2157 cfg=104 nodes= 7705 3339 3328 7704 0 0 0 0 0 0
E 2158 cfg=104 nodes= 3339 3299 3300 3328 0 0 0 0 0 0
E 2159 cfg=104 nodes= 7706 3338 3339 7705 0 0 0 0 0 0
E 2160 cfg=104 nodes= 3338 3298 3299 3339 0 0 0 0 0 0
E 2161 cfg=104 nodes= 7707 3340 3338 7706 0 0 0 0 0 0
E 2162 cfg=104 nodes= 3340 3297 3298 3338 0 0 0 0 0 0
E 2163 cfg=104 nodes= 7708 3337 3340 7707 0 0 0 0 0 0
E 2164 cfg=104 nodes= 3337 3296 3297 3340 0 0 0 0 0 0
E 2165 cfg=104 nodes= 7709 3342 3337 7708 0 0 0 0 0 0
E 2166 cfg=104 nodes= 3342 3295 3296 3337 0 0 0 0 0 0
E 2167 cfg=104 nodes= 7710 3341 3342 7709 0 0 0 0 0 0
E 2168 cfg=104 nodes= 3341 3294 3295 3342 0 0 0 0 0 0
E 2169 cfg=104 nodes= 7711 3343 3341 7710 0 0 0 0 0 0
E 2170 cfg=104 nodes= 3343 3293 3294 3341 0 0 0 0 0 0
E 2171 cfg=104 nodes= 7694 3344 3343 7711 0 0 0 0 0 0
E 2172 cfg=104 nodes= 3344 3292 3293 3343 0 0 0 0 0 0
E 2173 cfg=104 nodes= 7695 3309 3344 7694 0 0 0 0 0 0
E 2174 cfg=104 nodes= 3309 3291 3292 3344 0 0 0 0 0 0
E 2175 cfg=104 nodes= 7714 7713 3346 3385 0 0 0 0 0 0
E 2176 cfg=104 nodes= 3385 3346 3345 3381 0 0 0 0 0 0
E 2177 cfg=104 nodes= 7715 7714 3385 3384 0 0 0 0 0 0
E 2178 cfg=104 nodes= 3384 3385 3381 3380 0 0 0 0 0 0
E 2179 cfg=104 nodes= 7716 7715 3384 3386 0 0 0 0 0 0
E 2180 cfg=104 nodes= 3386 3384 3380 3379 0 0 0 0 0 0
E 2181 cfg=104 nodes= 7717 7716 3386 3383 0 0 0 0 0 0
E 2182 cfg=104 nodes= 3383 3386 3379 3378 0 0 0 0 0 0
E 2183 cfg=104 nodes= 7718 7717 3383 3388 0 0 0 0 0 0
E 2184 cfg=104 nodes= 3388 3383 3378 3377 0 0 0 0 0 0
E 2185 cfg=104 nodes= 7719 7718 3388 3387 0 0 0 0 0 0
E 2186 cfg=104 nodes= 3387 3388 3377 3376 0 0 0 0 0 0
E 2187 cfg=104 nodes= 7720 7719 3387 3389 0 0 0 0 0 0
E 2188 cfg=104 nodes= 3389 3387 3376 3375 0 0 0 0 0 0
E 2189 cfg=104 nodes= 7721 7720 3389 3390 0 0 0 0 0 0
E 2190 cfg=104 nodes= 3390 3389 3375 3374 0 0 0 0 0 0
E 2191 cfg=104 nodes= 7722 7721 3390 3382 0 0 0 0 0 0
E 2192 cfg=104 nodes= 3382 3390 3374 3373 0 0 0 0 0 0
E 2193 cfg=104 nodes= 7723 7722 3382 3393 0 0 0 0 0 0
E 2194 cfg=104 nodes= 3393 3382 3373 3372 0 0 0 0 0 0
E 2195 cfg=104 nodes= 7724 7723 3393 3392 0 0 0 0 0 0
E 2196 cfg=104 nodes= 3392 3393 3372 3371 0 0 0 0 0 0
E 2197 cfg=104 nodes= 7725 7724 3392 3394 0 0 0 0 0 0
E 2198 cfg=104 nodes= 3394 3392 3371 3370 0 0 0 0 0 0
E 2199 cfg=104 nodes= 7726 7725 3394 3391 0 0 0 0 0 0
E 2200 cfg=104 nodes= 3391 3394 3370 3369 0 0 0 0 0 0
E 2201 cfg=104 nodes= 7727 7726 3391 3396 0 0 0 0 0 0
E 2202 cfg=104 nodes= 3396 3391 3369 3368 0 0 0 0 0 0
E 2203 cfg=104 nodes= 7728 7727 3396 3395 0 0 0 0 0 0
E 2204 cfg=104 nodes= 3395 3396 3368 3367 0 0 0 0 0 0
E 2205 cfg=104 nodes= 7729 7728 3395 3397 0 0 0 0 0 0
E 2206 cfg=104 nodes= 3397 3395 3367 3366 0 0 0 0 0 0
E 2207 cfg=104 nodes= 7712 7729 3397 3398 0 0 0 0 0 0
E 2208 cfg=104 nodes= 3398 3397 3366 3365 0 0 0 0 0 0
E 2209 cfg=104 nodes= 7713 7712 3398 3346 0 0 0 0 0 0
E 2210 cfg=104 nodes= 3346 3398 3365 3345 0 0 0 0 0 0
E 2211 cfg=104 nodes= 3502 3500 3499 3504 0 0 0 0 0 0
E 2212 cfg=104 nodes= 3504 3499 3496 3495 0 0 0 0 0 0
E 2213 cfg=104 nodes= 3503 3502 3504 3505 0 0 0 0 0 0
E 2214 cfg=104 nodes= 3505 3504 3495 3494 0 0 0 0 0 0
E 2215 cfg=104 nodes= 3487 3503 3505 3488 0 0 0 0 0 0
E 2216 cfg=104 nodes= 3488 3505 3494 3489 0 0 0 0 0 0
E 2217 cfg=104 nodes= 3478 3477 3501 3506 0 0 0 0 0 0
E 2218 cfg=104 nodes= 3506 3501 3500 3502 0 0 0 0 0 0
E 2219 cfg=104 nodes= 3479 3478 3506 3507 0 0 0 0 0 0
E 2220 cfg=104 nodes= 3507 3506 3502 3503 0 0 0 0 0 0
E 2221 cfg=104 nodes= 3480 3479 3507 3486 0 0 0 0 0 0
E 2222 cfg=104 nodes= 3486 3507 3503 3487 0 0 0 0 0 0
E 2225 cfg=104 nodes= 3509 3508 3510 3511 0 0 0 0 0 0
E 2226 cfg=104 nodes= 3511 3510 3498 3497 0 0 0 0 0 0
E 2227 cfg=104 nodes= 3500 3509 3511 3499 0 0 0 0 0 0
E 2228 cfg=104 nodes= 3499 3511 3497 3496 0 0 0 0 0 0
E 2231 cfg=104 nodes= 3476 3475 3512 3513 0 0 0 0 0 0
E 2232 cfg=104 nodes= 3513 3512 3508 3509 0 0 0 0 0 0
E 2233 cfg=104 nodes= 3477 3476 3513 3501 0 0 0 0 0 0
E 2234 cfg=104 nodes= 3501 3513 3509 3500 0 0 0 0 0 0
E 2235 cfg=104 nodes= 3518 3515 3514 3520 0 0 0 0 0 0
E 2236 cfg=104 nodes= 3520 3514 3414 3415 0 0 0 0 0 0
E 2237 cfg=104 nodes= 3519 3518 3520 3521 0 0 0 0 0 0
E 2238 cfg=104 nodes= 3521 3520 3415 3416 0 0 0 0 0 0
E 2239 cfg=104 nodes= 3492 3519 3521 3493 0 0 0 0 0 0
E 2240 cfg=104 nodes= 3493 3521 3416 3417 0 0 0 0 0 0
E 2241 cfg=104 nodes= 3516 3515 3518 3522 0 0 0 0 0 0
E 2242 cfg=104 nodes= 3522 3518 3519 3523 0 0 0 0 0 0
E 2243 cfg=104 nodes= 3523 3519 3492 3491 0 0 0 0 0 0
E 2244 cfg=104 nodes= 3495 3496 3517 3524 0 0 0 0 0 0
E 2245 cfg=104 nodes= 3524 3517 3516 3522 0 0 0 0 0 0
E 2246 cfg=104 nodes= 3494 3495 3524 3525 0 0 0 0 0 0
E 2247 cfg=104 nodes= 3525 3524 3522 3523 0 0 0 0 0 0
E 2248 cfg=104 nodes= 3489 3494 3525 3490 0 0 0 0 0 0
E 2249 cfg=104 nodes= 3490 3525 3523 3491 0 0 0 0 0 0
E 2252 cfg=104 nodes= 3527 3526 3528 3529 0 0 0 0 0 0
E 2253 cfg=104 nodes= 3529 3528 3412 3413 0 0 0 0 0 0
E 2254 cfg=104 nodes= 3515 3527 3529 3514 0 0 0 0 0 0
E 2255 cfg=104 nodes= 3514 3529 3413 3414 0 0 0 0 0 0
E 2257 cfg=104 nodes= 3530 3526 3527 3531 0 0 0 0 0 0
E 2258 cfg=104 nodes= 3531 3527 3515 3516 0 0 0 0 0 0
E 2261 cfg=104 nodes= 3497 3498 3532 3533 0 0 0 0 0 0
E 2262 cfg=104 nodes= 3533 3532 3530 3531 0 0 0 0 0 0
E 2263 cfg=104 nodes= 3496 3497 3533 3517 0 0 0 0 0 0
E 2264 cfg=104 nodes= 3517 3533 3531 3516 0 0 0 0 0 0
E 2265 cfg=104 nodes= 3542 3540 3539 3544 0 0 0 0 0 0
E 2266 cfg=104 nodes= 3544 3539 3536 3535 0 0 0 0 0 0
E 2267 cfg=104 nodes= 3543 3542 3544 3545 0 0 0 0 0 0
E 2268 cfg=104 nodes= 3545 3544 3535 3534 0 0 0 0 0 0
E 2269 cfg=104 nodes= 7706 3543 3545 7707 0 0 0 0 0 0
E 2270 cfg=104 nodes= 7707 3545 3534 7708 0 0 0 0 0 0
E 2271 cfg=104 nodes= 3484 3483 3541 3546 0 0 0 0 0 0
E 2272 cfg=104 nodes= 3546 3541 3540 3542 0 0 0 0 0 0
E 2273 cfg=104 nodes= 3485 3484 3546 3547 0 0 0 0 0 0
E 2274 cfg=104 nodes= 3547 3546 3542 3543 0 0 0 0 0 0
E 2275 cfg=104 nodes= 7704 3485 3547 7705 0 0 0 0 0 0
E 2276 cfg=104 nodes= 7705 3547 3543 7706 0 0 0 0 0 0
E 2277 cfg=104 nodes= 3548 3487 3488 3550 0 0 0 0 0 0
E 2278 cfg=104 nodes= 3550 3488 3489 3538 0 0 0 0 0 0
E 2279 cfg=104 nodes= 3549 3548 3550 3551 0 0 0 0 0 0
E 2280 cfg=104 nodes= 3551 3550 3538 3537 0 0 0 0 0 0
E 2281 cfg=104 nodes= 3540 3549 3551 3539 0 0 0 0 0 0
E 2282 cfg=104 nodes= 3539 3551 3537 3536 0 0 0 0 0 0
E 2283 cfg=104 nodes= 3481 3480 3486 3552 0 0 0 0 0 0
E 2284 cfg=104 nodes= 3552 3486 3487 3548 0 0 0 0 0 0
E 2285 cfg=104 nodes= 3482 3481 3552 3553 0 0 0 0 0 0
E 2286 cfg=104 nodes= 3553 3552 3548 3549 0 0 0 0 0 0
E 2287 cfg=104 nodes= 3483 3482 3553 3541 0 0 0 0 0 0
E 2288 cfg=104 nodes= 3541 3553 3549 3540 0 0 0 0 0 0
E 2289 cfg=104 nodes= 3558 3555 3554 3560 0 0 0 0 0 0
E 2290 cfg=104 nodes= 3560 3554 3420 3421 0 0 0 0 0 0
E 2291 cfg=104 nodes= 3559 3558 3560 3561 0 0 0 0 0 0
E 2292 cfg=104 nodes= 3561 3560 3421 3422 0 0 0 0 0 0
E 2293 cfg=104 nodes= 7711 3559 3561 7694 0 0 0 0 0 0
E 2294 cfg=104 nodes= 7694 3561 3422 7695 0 0 0 0 0 0
E 2295 cfg=104 nodes= 3556 3555 3558 3562 0 0 0 0 0 0
E 2296 cfg=104 nodes= 3562 3558 3559 3563 0 0 0 0 0 0
E 2297 cfg=104 nodes= 3563 3559 7711 7710 0 0 0 0 0 0
E 2298 cfg=104 nodes= 3535 3536 3557 3564 0 0 0 0 0 0
E 2299 cfg=104 nodes= 3564 3557 3556 3562 0 0 0 0 0 0
E 2300 cfg=104 nodes= 3534 3535 3564 3565 0 0 0 0 0 0
E 2301 cfg=104 nodes= 3565 3564 3562 3563 0 0 0 0 0 0
E 2302 cfg=104 nodes= 7708 3534 3565 7709 0 0 0 0 0 0
E 2303 cfg=104 nodes= 7709 3565 3563 7710 0 0 0 0 0 0
E 2304 cfg=104 nodes= 3566 3492 3493 3568 0 0 0 0 0 0
E 2305 cfg=104 nodes= 3568 3493 3417 3418 0 0 0 0 0 0
E 2306 cfg=104 nodes= 3567 3566 3568 3569 0 0 0 0 0 0
E 2307 cfg=104 nodes= 3569 3568 3418 3419 0 0 0 0 0 0
E 2308 cfg=104 nodes= 3555 3567 3569 3554 0 0 0 0 0 0
E 2309 cfg=104 nodes= 3554 3569 3419 3420 0 0 0 0 0 0
E 2310 cfg=104 nodes= 3491 3492 3566 3570 0 0 0 0 0 0
E 2311 cfg=104 nodes= 3570 3566 3567 3571 0 0 0 0 0 0
E 2312 cfg=104 nodes= 3571 3567 3555 3556 0 0 0 0 0 0
E 2313 cfg=104 nodes= 3538 3489 3490 3572 0 0 0 0 0 0
E 2314 cfg=104 nodes= 3572 3490 3491 3570 0 0 0 0 0 0
E 2315 cfg=104 nodes= 3537 3538 3572 3573 0 0 0 0 0 0
E 2316 cfg=104 nodes= 3573 3572 3570 3571 0 0 0 0 0 0
E 2317 cfg=104 nodes= 3536 3537 3573 3557 0 0 0 0 0 0
E 2318 cfg=104 nodes= 3557 3573 3571 3556 0 0 0 0 0 0
E 2319 cfg=104 nodes= 3590 3588 3587 3592 0 0 0 0 0 0
E 2320 cfg=104 nodes= 3592 3587 3584 3583 0 0 0 0 0 0
E 2321 cfg=104 nodes= 3591 3590 3592 3593 0 0 0 0 0 0
E 2322 cfg=104 nodes= 3593 3592 3583 3582 0 0 0 0 0 0
E 2323 cfg=104 nodes= 3575 3591 3593 3576 0 0 0 0 0 0
E 2324 cfg=104 nodes= 3576 3593 3582 3577 0 0 0 0 0 0
E 2325 cfg=104 nodes= 3415 3414 3589 3594 0 0 0 0 0 0
E 2326 cfg=104 nodes= 3594 3589 3588 3590 0 0 0 0 0 0
E 2327 cfg=104 nodes= 3416 3415 3594 3595 0 0 0 0 0 0
E 2328 cfg=104 nodes= 3595 3594 3590 3591 0 0 0 0 0 0
E 2329 cfg=104 nodes= 3417 3416 3595 3574 0 0 0 0 0 0
E 2330 cfg=104 nodes= 3574 3595 3591 3575 0 0 0 0 0 0
E 2333 cfg=104 nodes= 3597 3596 3598 3599 0 0 0 0 0 0
E 2334 cfg=104 nodes= 3599 3598 3586 3585 0 0 0 0 0 0
E 2335 cfg=104 nodes= 3588 3597 3599 3587 0 0 0 0 0 0
E 2336 cfg=104 nodes= 3587 3599 3585 3584 0 0 0 0 0 0
E 2339 cfg=104 nodes= 3413 3412 3600 3601 0 0 0 0 0 0
E 2340 cfg=104 nodes= 3601 3600 3596 3597 0 0 0 0 0 0
E 2341 cfg=104 nodes= 3414 3413 3601 3589 0 0 0 0 0 0
E 2342 cfg=104 nodes= 3589 3601 3597 3588 0 0 0 0 0 0
E 2343 cfg=104 nodes= 3606 3603 3602 3608 0 0 0 0 0 0
E 2344 cfg=104 nodes= 3608 3602 3477 3478 0 0 0 0 0 0
E 2345 cfg=104 nodes= 3607 3606 3608 3609 0 0 0 0 0 0
E 2346 cfg=104 nodes= 3609 3608 3478 3479 0 0 0 0 0 0
E 2347 cfg=104 nodes= 3580 3607 3609 3581 0 0 0 0 0 0
E 2348 cfg=104 nodes= 3581 3609 3479 3480 0 0 0 0 0 0
E 2349 cfg=104 nodes= 3604 3603 3606 3610 0 0 0 0 0 0
E 2350 cfg=104 nodes= 3610 3606 3607 3611 0 0 0 0 0 0
E 2351 cfg=104 nodes= 3611 3607 3580 3579 0 0 0 0 0 0
E 2352 cfg=104 nodes= 3583 3584 3605 3612 0 0 0 0 0 0
E 2353 cfg=104 nodes= 3612 3605 3604 3610 0 0 0 0 0 0
E 2354 cfg=104 nodes= 3582 3583 3612 3613 0 0 0 0 0 0
E 2355 cfg=104 nodes= 3613 3612 3610 3611 0 0 0 0 0 0
E 2356 cfg=104 nodes= 3577 3582 3613 3578 0 0 0 0 0 0
E 2357 cfg=104 nodes= 3578 3613 3611 3579 0 0 0 0 0 0
E 2360 cfg=104 nodes= 3615 3614 3616 3617 0 0 0 0 0 0
E 2361 cfg=104 nodes= 3617 3616 3475 3476 0 0 0 0 0 0
E 2362 cfg=104 nodes= 3603 3615 3617 3602 0 0 0 0 0 0
E 2363 cfg=104 nodes= 3602 3617 3476 3477 0 0 0 0 0 0
E 2365 cfg=104 nodes= 3618 3614 3615 3619 0 0 0 0 0 0
E 2366 cfg=104 nodes= 3619 3615 3603 3604 0 0 0 0 0 0
E 2369 cfg=104 nodes= 3585 3586 3620 3621 0 0 0 0 0 0
E 2370 cfg=104 nodes= 3621 3620 3618 3619 0 0 0 0 0 0
E 2371 cfg=104 nodes= 3584 3585 3621 3605 0 0 0 0 0 0
E 2372 cfg=104 nodes= 3605 3621 3619 3604 0 0 0 0 0 0
E 2373 cfg=104 nodes= 3630 3628 3627 3632 0 0 0 0 0 0
E 2374 cfg=104 nodes= 3632 3627 3624 3623 0 0 0 0 0 0
E 2375 cfg=104 nodes= 3631 3630 3632 3633 0 0 0 0 0 0
E 2376 cfg=104 nodes= 3633 3632 3623 3622 0 0 0 0 0 0
E 2377 cfg=104 nodes= 7697 3631 3633 7698 0 0 0 0 0 0
E 2378 cfg=104 nodes= 7698 3633 3622 7699 0 0 0 0 0 0
E 2379 cfg=104 nodes= 3421 3420 3629 3634 0 0 0 0 0 0
E 2380 cfg=104 nodes= 3634 3629 3628 3630 0 0 0 0 0 0
E 2381 cfg=104 nodes= 3422 3421 3634 3635 0 0 0 0 0 0
E 2382 cfg=104 nodes= 3635 3634 3630 3631 0 0 0 0 0 0
E 2383 cfg=104 nodes= 7695 3422 3635 7696 0 0 0 0 0 0
E 2384 cfg=104 nodes= 7696 3635 3631 7697 0 0 0 0 0 0
E 2385 cfg=104 nodes= 3636 3575 3576 3638 0 0 0 0 0 0
E 2386 cfg=104 nodes= 3638 3576 3577 3626 0 0 0 0 0 0
E 2387 cfg=104 nodes= 3637 3636 3638 3639 0 0 0 0 0 0
E 2388 cfg=104 nodes= 3639 3638 3626 3625 0 0 0 0 0 0
E 2389 cfg=104 nodes= 3628 3637 3639 3627 0 0 0 0 0 0
E 2390 cfg=104 nodes= 3627 3639 3625 3624 0 0 0 0 0 0
E 2391 cfg=104 nodes= 3418 3417 3574 3640 0 0 0 0 0 0
E 2392 cfg=104 nodes= 3640 3574 3575 3636 0 0 0 0 0 0
E 2393 cfg=104 nodes= 3419 3418 3640 3641 0 0 0 0 0 0
E 2394 cfg=104 nodes= 3641 3640 3636 3637 0 0 0 0 0 0
E 2395 cfg=104 nodes= 3420 3419 3641 3629 0 0 0 0 0 0
E 2396 cfg=104 nodes= 3629 3641 3637 3628 0 0 0 0 0 0
E 2397 cfg=104 nodes= 3646 3643 3642 3648 0 0 0 0 0 0
E 2398 cfg=104 nodes= 3648 3642 3483 3484 0 0 0 0 0 0
E 2399 cfg=104 nodes= 3647 3646 3648 3649 0 0 0 0 0 0
E 2400 cfg=104 nodes= 3649 3648 3484 3485 0 0 0 0 0 0
E 2401 cfg=104 nodes= 7702 3647 3649 7703 0 0 0 0 0 0
E 2402 cfg=104 nodes= 7703 3649 3485 7704 0 0 0 0 0 0
E 2403 cfg=104 nodes= 3644 3643 3646 3650 0 0 0 0 0 0
E 2404 cfg=104 nodes= 3650 3646 3647 3651 0 0 0 0 0 0
E 2405 cfg=104 nodes= 3651 3647 7702 7701 0 0 0 0 0 0
E 2406 cfg=104 nodes= 3623 3624 3645 3652 0 0 0 0 0 0
E 2407 cfg=104 nodes= 3652 3645 3644 3650 0 0 0 0 0 0
E 2408 cfg=104 nodes= 3622 3623 3652 3653 0 0 0 0 0 0
E 2409 cfg=104 nodes= 3653 3652 3650 3651 0 0 0 0 0 0
E 2410 cfg=104 nodes= 7699 3622 3653 7700 0 0 0 0 0 0
E 2411 cfg=104 nodes= 7700 3653 3651 7701 0 0 0 0 0 0
E 2412 cfg=104 nodes= 3654 3580 3581 3656 0 0 0 0 0 0
E 2413 cfg=104 nodes= 3656 3581 3480 3481 0 0 0 0 0 0
E 2414 cfg=104 nodes= 3655 3654 3656 3657 0 0 0 0 0 0
E 2415 cfg=104 nodes= 3657 3656 3481 3482 0 0 0 0 0 0
E 2416 cfg=104 nodes= 3643 3655 3657 3642 0 0 0 0 0 0
E 2417 cfg=104 nodes= 3642 3657 3482 3483 0 0 0 0 0 0
E 2418 cfg=104 nodes= 3579 3580 3654 3658 0 0 0 0 0 0
E 2419 cfg=104 nodes= 3658 3654 3655 3659 0 0 0 0 0 0
E 2420 cfg=104 nodes= 3659 3655 3643 3644 0 0 0 0 0 0
E 2421 cfg=104 nodes= 3626 3577 3578 3660 0 0 0 0 0 0
E 2422 cfg=104 nodes= 3660 3578 3579 3658 0 0 0 0 0 0
E 2423 cfg=104 nodes= 3625 3626 3660 3661 0 0 0 0 0 0
E 2424 cfg=104 nodes= 3661 3660 3658 3659 0 0 0 0 0 0
E 2425 cfg=104 nodes= 3624 3625 3661 3645 0 0 0 0 0 0
E 2426 cfg=104 nodes= 3645 3661 3659 3644 0 0 0 0 0 0
E 2427 cfg=104 nodes= 3689 3687 3686 3691 0 0 0 0 0 0
E 2428 cfg=104 nodes= 3691 3686 3683 3682 0 0 0 0 0 0
E 2429 cfg=104 nodes= 3690 3689 3691 3692 0 0 0 0 0 0
E 2430 cfg=104 nodes= 3692 3691 3682 3681 0 0 0 0 0 0
E 2431 cfg=104 nodes= 3674 3690 3692 3675 0 0 0 0 0 0
E 2432 cfg=104 nodes= 3675 3692 3681 3676 0 0 0 0 0 0
E 2433 cfg=104 nodes= 3665 3664 3688 3693 0 0 0 0 0 0
E 2434 cfg=104 nodes= 3693 3688 3687 3689 0 0 0 0 0 0
E 2435 cfg=104 nodes= 3666 3665 3693 3694 0 0 0 0 0 0
E 2436 cfg=104 nodes= 3694 3693 3689 3690 0 0 0 0 0 0
E 2437 cfg=104 nodes= 3667 3666 3694 3673 0 0 0 0 0 0
E 2438 cfg=104 nodes= 3673 3694 3690 3674 0 0 0 0 0 0
E 2439 cfg=104 nodes= 3695 7724 7725 3697 0 0 0 0 0 0
E 2440 cfg=104 nodes= 3697 7725 7726 3685 0 0 0 0 0 0
E 2441 cfg=104 nodes= 3696 3695 3697 3698 0 0 0 0 0 0
E 2442 cfg=104 nodes= 3698 3697 3685 3684 0 0 0 0 0 0
E 2443 cfg=104 nodes= 3687 3696 3698 3686 0 0 0 0 0 0
E 2444 cfg=104 nodes= 3686 3698 3684 3683 0 0 0 0 0 0
E 2445 cfg=104 nodes= 3662 7722 7723 3699 0 0 0 0 0 0
E 2446 cfg=104 nodes= 3699 7723 7724 3695 0 0 0 0 0 0
E 2447 cfg=104 nodes= 3663 3662 3699 3700 0 0 0 0 0 0
E 2448 cfg=104 nodes= 3700 3699 3695 3696 0 0 0 0 0 0
E 2449 cfg=104 nodes= 3664 3663 3700 3688 0 0 0 0 0 0
E 2450 cfg=104 nodes= 3688 3700 3696 3687 0 0 0 0 0 0
E 2451 cfg=104 nodes= 3705 3702 3701 3707 0 0 0 0 0 0
E 2452 cfg=104 nodes= 3707 3701 3402 3403 0 0 0 0 0 0
E 2453 cfg=104 nodes= 3706 3705 3707 3708 0 0 0 0 0 0
E 2454 cfg=104 nodes= 3708 3707 3403 3404 0 0 0 0 0 0
E 2455 cfg=104 nodes= 3679 3706 3708 3680 0 0 0 0 0 0
E 2456 cfg=104 nodes= 3680 3708 3404 3405 0 0 0 0 0 0
E 2457 cfg=104 nodes= 3703 3702 3705 3709 0 0 0 0 0 0
E 2458 cfg=104 nodes= 3709 3705 3706 3710 0 0 0 0 0 0
E 2459 cfg=104 nodes= 3710 3706 3679 3678 0 0 0 0 0 0
E 2460 cfg=104 nodes= 3682 3683 3704 3711 0 0 0 0 0 0
E 2461 cfg=104 nodes= 3711 3704 3703 3709 0 0 0 0 0 0
E 2462 cfg=104 nodes= 3681 3682 3711 3712 0 0 0 0 0 0
E 2463 cfg=104 nodes= 3712 3711 3709 3710 0 0 0 0 0 0
E 2464 cfg=104 nodes= 3676 3681 3712 3677 0 0 0 0 0 0
E 2465 cfg=104 nodes= 3677 3712 3710 3678 0 0 0 0 0 0
E 2466 cfg=104 nodes= 3713 7729 7712 3715 0 0 0 0 0 0
E 2467 cfg=104 nodes= 3715 7712 7713 3400 0 0 0 0 0 0
E 2468 cfg=104 nodes= 3714 3713 3715 3716 0 0 0 0 0 0
E 2469 cfg=104 nodes= 3716 3715 3400 3401 0 0 0 0 0 0
E 2470 cfg=104 nodes= 3702 3714 3716 3701 0 0 0 0 0 0
E 2471 cfg=104 nodes= 3701 3716 3401 3402 0 0 0 0 0 0
E 2472 cfg=104 nodes= 7728 7729 3713 3717 0 0 0 0 0 0
E 2473 cfg=104 nodes= 3717 3713 3714 3718 0 0 0 0 0 0
E 2474 cfg=104 nodes= 3718 3714 3702 3703 0 0 0 0 0 0
E 2475 cfg=104 nodes= 3685 7726 7727 3719 0 0 0 0 0 0
E 2476 cfg=104 nodes= 3719 7727 7728 3717 0 0 0 0 0 0
E 2477 cfg=104 nodes= 3684 3685 3719 3720 0 0 0 0 0 0
E 2478 cfg=104 nodes= 3720 3719 3717 3718 0 0 0 0 0 0
E 2479 cfg=104 nodes= 3683 3684 3720 3704 0 0 0 0 0 0
E 2480 cfg=104 nodes= 3704 3720 3718 3703 0 0 0 0 0 0
E 2481 cfg=104 nodes= 3729 3727 3726 3731 0 0 0 0 0 0
E 2482 cfg=104 nodes= 3731 3726 3723 3722 0 0 0 0 0 0
E 2483 cfg=104 nodes= 3730 3729 3731 3732 0 0 0 0 0 0
E 2484 cfg=104 nodes= 3732 3731 3722 3721 0 0 0 0 0 0
E 2487 cfg=104 nodes= 3671 3670 3728 3733 0 0 0 0 0 0
E 2488 cfg=104 nodes= 3733 3728 3727 3729 0 0 0 0 0 0
E 2489 cfg=104 nodes= 3672 3671 3733 3734 0 0 0 0 0 0
E 2490 cfg=104 nodes= 3734 3733 3729 3730 0 0 0 0 0 0
E 2493 cfg=104 nodes= 3735 3674 3675 3737 0 0 0 0 0 0
E 2494 cfg=104 nodes= 3737 3675 3676 3725 0 0 0 0 0 0
E 2495 cfg=104 nodes= 3736 3735 3737 3738 0 0 0 0 0 0
E 2496 cfg=104 nodes= 3738 3737 3725 3724 0 0 0 0 0 0
E 2497 cfg=104 nodes= 3727 3736 3738 3726 0 0 0 0 0 0
E 2498 cfg=104 nodes= 3726 3738 3724 3723 0 0 0 0 0 0
E 2499 cfg=104 nodes= 3668 3667 3673 3739 0 0 0 0 0 0
E 2500 cfg=104 nodes= 3739 3673 3674 3735 0 0 0 0 0 0
E 2501 cfg=104 nodes= 3669 3668 3739 3740 0 0 0 0 0 0
E 2502 cfg=104 nodes= 3740 3739 3735 3736 0 0 0 0 0 0
E 2503 cfg=104 nodes= 3670 3669 3740 3728 0 0 0 0 0 0
E 2504 cfg=104 nodes= 3728 3740 3736 3727 0 0 0 0 0 0
E 2505 cfg=104 nodes= 3745 3742 3741 3747 0 0 0 0 0 0
E 2506 cfg=104 nodes= 3747 3741 3408 3409 0 0 0 0 0 0
E 2507 cfg=104 nodes= 3746 3745 3747 3748 0 0 0 0 0 0
E 2508 cfg=104 nodes= 3748 3747 3409 3410 0 0 0 0 0 0
E 2511 cfg=104 nodes= 3743 3742 3745 3749 0 0 0 0 0 0
E 2512 cfg=104 nodes= 3749 3745 3746 3750 0 0 0 0 0 0
E 2514 cfg=104 nodes= 3722 3723 3744 3751 0 0 0 0 0 0
E 2515 cfg=104 nodes= 3751 3744 3743 3749 0 0 0 0 0 0
E 2516 cfg=104 nodes= 3721 3722 3751 3752 0 0 0 0 0 0
E 2517 cfg=104 nodes= 3752 3751 3749 3750 0 0 0 0 0 0
E 2520 cfg=104 nodes= 3753 3679 3680 3755 0 0 0 0 0 0
E 2521 cfg=104 nodes= 3755 3680 3405 3406 0 0 0 0 0 0
E 2522 cfg=104 nodes= 3754 3753 3755 3756 0 0 0 0 0 0
E 2523 cfg=104 nodes= 3756 3755 3406 3407 0 0 0 0 0 0
E 2524 cfg=104 nodes= 3742 3754 3756 3741 0 0 0 0 0 0
E 2525 cfg=104 nodes= 3741 3756 3407 3408 0 0 0 0 0 0
E 2526 cfg=104 nodes= 3678 3679 3753 3757 0 0 0 0 0 0
E 2527 cfg=104 nodes= 3757 3753 3754 3758 0 0 0 0 0 0
E 2528 cfg=104 nodes= 3758 3754 3742 3743 0 0 0 0 0 0
E 2529 cfg=104 nodes= 3725 3676 3677 3759 0 0 0 0 0 0
E 2530 cfg=104 nodes= 3759 3677 3678 3757 0 0 0 0 0 0
E 2531 cfg=104 nodes= 3724 3725 3759 3760 0 0 0 0 0 0
E 2532 cfg=104 nodes= 3760 3759 3757 3758 0 0 0 0 0 0
E 2533 cfg=104 nodes= 3723 3724 3760 3744 0 0 0 0 0 0
E 2534 cfg=104 nodes= 3744 3760 3758 3743 0 0 0 0 0 0
E 2535 cfg=104 nodes= 3777 3775 3774 3779 0 0 0 0 0 0
E 2536 cfg=104 nodes= 3779 3774 3771 3770 0 0 0 0 0 0
E 2537 cfg=104 nodes= 3778 3777 3779 3780 0 0 0 0 0 0
E 2538 cfg=104 nodes= 3780 3779 3770 3769 0 0 0 0 0 0
E 2539 cfg=104 nodes= 3762 3778 3780 3763 0 0 0 0 0 0
E 2540 cfg=104 nodes= 3763 3780 3769 3764 0 0 0 0 0 0
E 2541 cfg=104 nodes= 3403 3402 3776 3781 0 0 0 0 0 0
E 2542 cfg=104 nodes= 3781 3776 3775 3777 0 0 0 0 0 0
E 2543 cfg=104 nodes= 3404 3403 3781 3782 0 0 0 0 0 0
E 2544 cfg=104 nodes= 3782 3781 3777 3778 0 0 0 0 0 0
E 2545 cfg=104 nodes= 3405 3404 3782 3761 0 0 0 0 0 0
E 2546 cfg=104 nodes= 3761 3782 3778 3762 0 0 0 0 0 0
E 2547 cfg=104 nodes= 3783 7715 7716 3785 0 0 0 0 0 0
E 2548 cfg=104 nodes= 3785 7716 7717 3773 0 0 0 0 0 0
E 2549 cfg=104 nodes= 3784 3783 3785 3786 0 0 0 0 0 0
E 2550 cfg=104 nodes= 3786 3785 3773 3772 0 0 0 0 0 0
E 2551 cfg=104 nodes= 3775 3784 3786 3774 0 0 0 0 0 0
E 2552 cfg=104 nodes= 3774 3786 3772 3771 0 0 0 0 0 0
E 2553 cfg=104 nodes= 3400 7713 7714 3787 0 0 0 0 0 0
E 2554 cfg=104 nodes= 3787 7714 7715 3783 0 0 0 0 0 0
E 2555 cfg=104 nodes= 3401 3400 3787 3788 0 0 0 0 0 0
E 2556 cfg=104 nodes= 3788 3787 3783 3784 0 0 0 0 0 0
E 2557 cfg=104 nodes= 3402 3401 3788 3776 0 0 0 0 0 0
E 2558 cfg=104 nodes= 3776 3788 3784 3775 0 0 0 0 0 0
E 2559 cfg=104 nodes= 3793 3790 3789 3795 0 0 0 0 0 0
E 2560 cfg=104 nodes= 3795 3789 3664 3665 0 0 0 0 0 0
E 2561 cfg=104 nodes= 3794 3793 3795 3796 0 0 0 0 0 0
E 2562 cfg=104 nodes= 3796 3795 3665 3666 0 0 0 0 0 0
E 2563 cfg=104 nodes= 3767 3794 3796 3768 0 0 0 0 0 0
E 2564 cfg=104 nodes= 3768 3796 3666 3667 0 0 0 0 0 0
E 2565 cfg=104 nodes= 3791 3790 3793 3797 0 0 0 0 0 0
E 2566 cfg=104 nodes= 3797 3793 3794 3798 0 0 0 0 0 0
E 2567 cfg=104 nodes= 3798 3794 3767 3766 0 0 0 0 0 0
E 2568 cfg=104 nodes= 3770 3771 3792 3799 0 0 0 0 0 0
E 2569 cfg=104 nodes= 3799 3792 3791 3797 0 0 0 0 0 0
E 2570 cfg=104 nodes= 3769 3770 3799 3800 0 0 0 0 0 0
E 2571 cfg=104 nodes= 3800 3799 3797 3798 0 0 0 0 0 0
E 2572 cfg=104 nodes= 3764 3769 3800 3765 0 0 0 0 0 0
E 2573 cfg=104 nodes= 3765 3800 3798 3766 0 0 0 0 0 0
E 2574 cfg=104 nodes= 3801 7720 7721 3803 0 0 0 0 0 0
E 2575 cfg=104 nodes= 3803 7721 7722 3662 0 0 0 0 0 0
E 2576 cfg=104 nodes= 3802 3801 3803 3804 0 0 0 0 0 0
E 2577 cfg=104 nodes= 3804 3803 3662 3663 0 0 0 0 0 0
E 2578 cfg=104 nodes= 3790 3802 3804 3789 0 0 0 0 0 0
E 2579 cfg=104 nodes= 3789 3804 3663 3664 0 0 0 0 0 0
E 2580 cfg=104 nodes= 7719 7720 3801 3805 0 0 0 0 0 0
E 2581 cfg=104 nodes= 3805 3801 3802 3806 0 0 0 0 0 0
E 2582 cfg=104 nodes= 3806 3802 3790 3791 0 0 0 0 0 0
E 2583 cfg=104 nodes= 3773 7717 7718 3807 0 0 0 0 0 0
E 2584 cfg=104 nodes= 3807 7718 7719 3805 0 0 0 0 0 0
E 2585 cfg=104 nodes= 3772 3773 3807 3808 0 0 0 0 0 0
E 2586 cfg=104 nodes= 3808 3807 3805 3806 0 0 0 0 0 0
E 2587 cfg=104 nodes= 3771 3772 3808 3792 0 0 0 0 0 0
E 2588 cfg=104 nodes= 3792 3808 3806 3791 0 0 0 0 0 0
E 2589 cfg=104 nodes= 3817 3815 3814 3819 0 0 0 0 0 0
E 2590 cfg=104 nodes= 3819 3814 3811 3810 0 0 0 0 0 0
E 2591 cfg=104 nodes= 3818 3817 3819 3820 0 0 0 0 0 0
E 2592 cfg=104 nodes= 3820 3819 3810 3809 0 0 0 0 0 0
E 2595 cfg=104 nodes= 3409 3408 3816 3821 0 0 0 0 0 0
E 2596 cfg=104 nodes= 3821 3816 3815 3817 0 0 0 0 0 0
E 2597 cfg=104 nodes= 3410 3409 3821 3822 0 0 0 0 0 0
E 2598 cfg=104 nodes= 3822 3821 3817 3818 0 0 0 0 0 0
E 2601 cfg=104 nodes= 3823 3762 3763 3825 0 0 0 0 0 0
E 2602 cfg=104 nodes= 3825 3763 3764 3813 0 0 0 0 0 0
E 2603 cfg=104 nodes= 3824 3823 3825 3826 0 0 0 0 0 0
E 2604 cfg=104 nodes= 3826 3825 3813 3812 0 0 0 0 0 0
E 2605 cfg=104 nodes= 3815 3824 3826 3814 0 0 0 0 0 0
E 2606 cfg=104 nodes= 3814 3826 3812 3811 0 0 0 0 0 0
E 2607 cfg=104 nodes= 3406 3405 3761 3827 0 0 0 0 0 0
E 2608 cfg=104 nodes= 3827 3761 3762 3823 0 0 0 0 0 0
E 2609 cfg=104 nodes= 3407 3406 3827 3828 0 0 0 0 0 0
E 2610 cfg=104 nodes= 3828 3827 3823 3824 0 0 0 0 0 0
E 2611 cfg=104 nodes= 3408 3407 3828 3816 0 0 0 0 0 0
E 2612 cfg=104 nodes= 3816 3828 3824 3815 0 0 0 0 0 0
E 2613 cfg=104 nodes= 3833 3830 3829 3835 0 0 0 0 0 0
E 2614 cfg=104 nodes= 3835 3829 3670 3671 0 0 0 0 0 0
E 2615 cfg=104 nodes= 3834 3833 3835 3836 0 0 0 0 0 0
E 2616 cfg=104 nodes= 3836 3835 3671 3672 0 0 0 0 0 0
E 2619 cfg=104 nodes= 3831 3830 3833 3837 0 0 0 0 0 0
E 2620 cfg=104 nodes= 3837 3833 3834 3838 0 0 0 0 0 0
E 2622 cfg=104 nodes= 3810 3811 3832 3839 0 0 0 0 0 0
E 2623 cfg=104 nodes= 3839 3832 3831 3837 0 0 0 0 0 0
E 2624 cfg=104 nodes= 3809 3810 3839 3840 0 0 0 0 0 0
E 2625 cfg=104 nodes= 3840 3839 3837 3838 0 0 0 0 0 0
E 2628 cfg=104 nodes= 3841 3767 3768 3843 0 0 0 0 0 0
E 2629 cfg=104 nodes= 3843 3768 3667 3668 0 0 0 0 0 0
E 2630 cfg=104 nodes= 3842 3841 3843 3844 0 0 0 0 0 0
E 2631 cfg=104 nodes= 3844 3843 3668 3669 0 0 0 0 0 0
E 2632 cfg=104 nodes= 3830 3842 3844 3829 0 0 0 0 0 0
E 2633 cfg=104 nodes= 3829 3844 3669 3670 0 0 0 0 0 0
E 2634 cfg=104 nodes= 3766 3767 3841 3845 0 0 0 0 0 0
E 2635 cfg=104 nodes= 3845 3841 3842 3846 0 0 0 0 0 0
E 2636 cfg=104 nodes= 3846 3842 3830 3831 0 0 0 0 0 0
E 2637 cfg=104 nodes= 3813 3764 3765 3847 0 0 0 0 0 0
E 2638 cfg=104 nodes= 3847 3765 3766 3845 0 0 0 0 0 0
E 2639 cfg=104 nodes= 3812 3813 3847 3848 0 0 0 0 0 0
E 2640 cfg=104 nodes= 3848 3847 3845 3846 0 0 0 0 0 0
E 2641 cfg=104 nodes= 3811 3812 3848 3832 0 0 0 0 0 0
E 2642 cfg=104 nodes= 3832 3848 3846 3831 0 0 0 0 0 0
E 2787 cfg=104 nodes= 3850 3851 3510 3508 0 0 0 0 0 0
E 2788 cfg=104 nodes= 3851 3850 3464 3463 0 0 0 0 0 0
E 2789 cfg=104 nodes= 3851 3852 3498 3510 0 0 0 0 0 0
E 2790 cfg=104 nodes= 3852 3851 3463 3462 0 0 0 0 0 0
E 2791 cfg=104 nodes= 3853 3854 3512 3475 0 0 0 0 0 0
E 2792 cfg=104 nodes= 3854 3853 3466 3465 0 0 0 0 0 0
E 2793 cfg=104 nodes= 3854 3850 3508 3512 0 0 0 0 0 0
E 2794 cfg=104 nodes= 3850 3854 3465 3464 0 0 0 0 0 0
E 2795 cfg=104 nodes= 3855 3856 3528 3526 0 0 0 0 0 0
E 2796 cfg=104 nodes= 3856 3855 3459 3458 0 0 0 0 0 0
E 2797 cfg=104 nodes= 3856 3857 3412 3528 0 0 0 0 0 0
E 2798 cfg=104 nodes= 3857 3856 3458 3411 0 0 0 0 0 0
E 2799 cfg=104 nodes= 3855 3858 3460 3459 0 0 0 0 0 0
E 2800 cfg=104 nodes= 3858 3855 3526 3530 0 0 0 0 0 0
E 2801 cfg=104 nodes= 3852 3859 3532 3498 0 0 0 0 0 0
E 2802 cfg=104 nodes= 3859 3852 3462 3461 0 0 0 0 0 0
E 2803 cfg=104 nodes= 3859 3858 3530 3532 0 0 0 0 0 0
E 2804 cfg=104 nodes= 3858 3859 3461 3460 0 0 0 0 0 0
E 2805 cfg=104 nodes= 3860 3861 3598 3596 0 0 0 0 0 0
E 2806 cfg=104 nodes= 3861 3860 3473 3472 0 0 0 0 0 0
E 2807 cfg=104 nodes= 3861 3862 3586 3598 0 0 0 0 0 0
E 2808 cfg=104 nodes= 3862 3861 3472 3471 0 0 0 0 0 0
E 2809 cfg=104 nodes= 3857 3863 3600 3412 0 0 0 0 0 0
E 2810 cfg=104 nodes= 3863 3857 3411 3474 0 0 0 0 0 0
E 2811 cfg=104 nodes= 3863 3860 3596 3600 0 0 0 0 0 0
E 2812 cfg=104 nodes= 3860 3863 3474 3473 0 0 0 0 0 0
E 2813 cfg=104 nodes= 3864 3865 3616 3614 0 0 0 0 0 0
E 2814 cfg=104 nodes= 3865 3864 3468 3467 0 0 0 0 0 0
E 2815 cfg=104 nodes= 3865 3853 3475 3616 0 0 0 0 0 0
E 2816 cfg=104 nodes= 3853 3865 3467 3466 0 0 0 0 0 0
E 2817 cfg=104 nodes= 3864 3866 3469 3468 0 0 0 0 0 0
E 2818 cfg=104 nodes= 3866 3864 3614 3618 0 0 0 0 0 0
E 2819 cfg=104 nodes= 3862 3867 3620 3586 0 0 0 0 0 0
E 2820 cfg=104 nodes= 3867 3862 3471 3470 0 0 0 0 0 0
E 2821 cfg=104 nodes= 3867 3866 3618 3620 0 0 0 0 0 0
E 2822 cfg=104 nodes= 3866 3867 3470 3469 0 0 0 0 0 0
E 2823 cfg=104 nodes= 3868 3869 3463 3464 0 0 0 0 0 0
E 2824 cfg=104 nodes= 3869 3868 3730 3732 0 0 0 0 0 0
E 2825 cfg=104 nodes= 3869 3870 3462 3463 0 0 0 0 0 0
E 2826 cfg=104 nodes= 3870 3869 3732 3721 0 0 0 0 0 0
E 2827 cfg=104 nodes= 3871 3872 3465 3466 0 0 0 0 0 0
E 2828 cfg=104 nodes= 3872 3871 3672 3734 0 0 0 0 0 0
E 2829 cfg=104 nodes= 3872 3868 3464 3465 0 0 0 0 0 0
E 2830 cfg=104 nodes= 3868 3872 3734 3730 0 0 0 0 0 0
E 2831 cfg=104 nodes= 3873 3874 3458 3459 0 0 0 0 0 0
E 2832 cfg=104 nodes= 3874 3873 3746 3748 0 0 0 0 0 0
E 2833 cfg=104 nodes= 3874 3875 3411 3458 0 0 0 0 0 0
E 2834 cfg=104 nodes= 3875 3874 3748 3410 0 0 0 0 0 0
E 2835 cfg=104 nodes= 3873 3876 3750 3746 0 0 0 0 0 0
E 2836 cfg=104 nodes= 3876 3873 3459 3460 0 0 0 0 0 0
E 2837 cfg=104 nodes= 3870 3877 3461 3462 0 0 0 0 0 0
E 2838 cfg=104 nodes= 3877 3870 3721 3752 0 0 0 0 0 0
E 2839 cfg=104 nodes= 3877 3876 3460 3461 0 0 0 0 0 0
E 2840 cfg=104 nodes= 3876 3877 3752 3750 0 0 0 0 0 0
E 2841 cfg=104 nodes= 3878 3879 3472 3473 0 0 0 0 0 0
E 2842 cfg=104 nodes= 3879 3878 3818 3820 0 0 0 0 0 0
E 2843 cfg=104 nodes= 3879 3880 3471 3472 0 0 0 0 0 0
E 2844 cfg=104 nodes= 3880 3879 3820 3809 0 0 0 0 0 0
E 2845 cfg=104 nodes= 3875 3881 3474 3411 0 0 0 0 0 0
E 2846 cfg=104 nodes= 3881 3875 3410 3822 0 0 0 0 0 0
E 2847 cfg=104 nodes= 3881 3878 3473 3474 0 0 0 0 0 0
E 2848 cfg=104 nodes= 3878 3881 3822 3818 0 0 0 0 0 0
E 2849 cfg=104 nodes= 3882 3883 3467 3468 0 0 0 0 0 0
E 2850 cfg=104 nodes= 3883 3882 3834 3836 0 0 0 0 0 0
E 2851 cfg=104 nodes= 3883 3871 3466 3467 0 0 0 0 0 0
E 2852 cfg=104 nodes= 3871 3883 3836 3672 0 0 0 0 0 0
E 2853 cfg=104 nodes= 3882 3884 3838 3834 0 0 0 0 0 0
E 2854 cfg=104 nodes= 3884 3882 3468 3469 0 0 0 0 0 0
E 2855 cfg=104 nodes= 3880 3885 3470 3471 0 0 0 0 0 0
E 2856 cfg=104 nodes= 3885 3880 3809 3840 0 0 0 0 0 0
E 2857 cfg=104 nodes= 3885 3884 3469 3470 0 0 0 0 0 0
E 2858 cfg=104 nodes= 3884 3885 3840 3838 0 0 0 0 0 0
E 6072 cfg=55 nodes= 6899 7695 7697 7699 7701 7703 7705 7707 7709 7711
E 6073 cfg=55 nodes= 6898 7694 7696 7698 7700 7702 7704 7706 7708 7710
E 6074 cfg=55 nodes= 6901 7712 7714 7716 7718 7720 7722 7724 7726 7728
E 6075 cfg=55 nodes= 6900 7713 7715 7717 7719 7721 7723 7725 7727 7729
E 6076 cfg=22 nodes= 6787 6898 6788 6899 0 0 0 0 0 0
E 6077 cfg=22 nodes= 6807 6900 6808 6901 0 0 0 0 0 0
E 6070 cfg=55 nodes= 6807 3166 3172 3178 3184 3190 3195 3201 3207 3213
E 6068 cfg=55 nodes= 6808 3165 3169 3175 3181 3187 3192 3198 3204 3210
E 6069 cfg=55 nodes= 6788 1771 1777 1783 1789 1795 1800 1806 1812 1818
E 6071 cfg=55 nodes= 6787 1770 1774 1780 1786 1792 1797 1803 1809 1815
