block @0x484: u32s=[0, 0, 858980352, 858993459, 49131, 0, 0, 0, 0, 0, 49136, 0, 16368]
              d64s=[0.0, 0.0, 0.0, 0.0, 0.0, 0.0, 0.0]
block @0x4b8: u32s=[0, 0, 0, 0, 0, 0, 0, 49136, 0, 65536, 0, 0, 0]
              d64s=[0.0, 0.0, 0.0, 0.0, 0.0, 0.0, 0.0]
block @0x4ec: u32s=[0, 0, 50331648, 0, 0, 0, 0, 0, 0, 0, 0, 0, 0]
              d64s=[0.0, 0.0, 0.0, 0.0, 0.0, 0.0, 0.0]
block @0x520: u32s=[0, 0, 0, 0, 12578816, 0, 0, 0, 4190208, 0, 0, 0, 0]
              d64s=[0.0, 0.0, 0.0, 0.0, 0.0, 0.0, 0.0]
block @0x554: u32s=[0, 0, 0, 0, 0, 37744640, 0, 0, 0, 0, 0, 0, 4]
              d64s=[0.0, 0.0, 0.0, 0.0, 0.0, 0.0, 0.0]
block @0x588: u32s=[0, 0, 0, 0, 0, 0, 0, 0, 858993459, 3219338035, 0, 0, 0]
              d64s=[0.0, 0.0, 0.0, 0.0, -0.6, 0.0, -1.0]
block @0x5bc: u32s=[3220176896, 0, 0, 0, 1072693248, 0, 0, 0, 0, 0, 0, 0, 0]
              d64s=[0.0, 0.0, 0.0, 0.0, 0.0, 0.0, 0.0]
block @0x5f0: u32s=[0, 1072693248, 2, 0, 0, 0, 0, 0, 1280, 0, 0, 0, 0]
              d64s=[1.0, 0.0, 0.0, 0.0, 0.0, 0.0, 0.0]
block @0x624: u32s=[0, 0, 0, 0, 0, 0, 0, 0, 0, 4026531840, 191, 0, 0]
              d64s=[0.0, 0.0, 0.0, 0.0, -3.105036184601418e+231, 0.0, -3.105036184601418e+231]
block @0x658: u32s=[4026531840, 63, 0, 0, 0, 0, 0, 0, 0, 0, 4026531840, 831, 0]
              d64s=[0.0, 0.0, 0.0, 0.0, 0.0, 0.0, 0.0]
block @0x68c: u32s=[0, 0, 0, 0, 393216, 0, 0, 0, 0, 0, 0, 0, 0]
              d64s=[0.0, 0.0, 0.0, 0.0, 0.0, 0.0, 0.0]
block @0x6c0: u32s=[858980352, 858993459, 49123, 0, 0, 0, 49136, 0, 0, 0, 16368, 0, 0]
              d64s=[0.0, 0.0, 0.0, 0.0, 0.0, 0.0, 0.0]
block @0x6f4: u32s=[0, 0, 0, 0, 0, 0, 0, 212976, 0, 0, 0, 0, 0]
              d64s=[0.0, 0.0, 0.0, 0.0, 0.0, 0.0, 0.0]
block @0x728: u32s=[117440512, 0, 0, 0, 0, 3774873600, 1202590842, 4184801, 0, 0, 0, 12578816, 0]
              d64s=[0.0, 0.0, -1.757388200993436e+159, 0.0, 0.0, 0.0, 0.0]
block @0x75c: u32s=[4190208, 0, 0, 0, 0, 0, 0, 0, 4190208, 0, 0, 0, 0]
              d64s=[0.0, 0.0, 0.0, 0.0, 0.0, 0.0, 0.0]
block @0x790: u32s=[0, 0, 0, 20967424, 0, 0, 0, 0, 0, 0, 8, 0, 0]
              d64s=[0.0, 0.0, 0.0, 0.0, 0.0, 0.0, 0.0]
block @0x7c4: u32s=[0, 0, 2920577761, 1071309127, 0, 0, 0, 3220176896, 0, 1072693248, 0, 0, 0]
              d64s=[0.0, 0.42, 0.0, -1.0, 1.0, 0.0, 0.0]
block @0x7f8: u32s=[0, 0, 0, 0, 1072693248, 0, 0, 0, 0, 0, 0, 0, 1072693248]
              d64s=[0.0, 0.0, 0.0, 0.0, 0.0, 0.0, 0.0]