=== 0x380..0x450 ===
0x0380  00 00 00 00 00 00 00 00 00 00 00 00 00 00 00 00  ................
0x0390  00 00 00 00 00 11 00 00 00 0c 15 00 00 00 00 00  ................
0x03a0  00 00 00 00 24 40 00 00 00 00 09 00 00 00 00 00  ....$@..........
0x03b0  00 00 12 00 00 00 01 11 00 00 00 00 00 00 00 00  ................
0x03c0  00 f0 3f 00 00 00 00 00 00 00 00 00 00 f0 3f 00  ..?...........?.
0x03d0  00 00 00 00 00 00 00 00 00 00 00 00 00 00 00 00  ................
0x03e0  00 00 00 00 00 f0 3f 00 00 00 00 00 00 f0 3f 00  ......?.......?.
0x03f0  00 00 00 00 00 00 00 00 00 00 00 00 00 00 00 00  ................
0x0400  00 00 00 00 00 00 00 00 00 00 00 00 00 f0 3f 00  ..............?.
0x0410  00 00 00 00 00 00 00 00 00 00 00 00 00 f0 3f 00  ..............?.
0x0420  00 00 00 00 00 f0 3f 00 00 00 00 13 00 00 00 26  ......?........&
0x0430  81 00 40 00 19 00 00 00 00 00 00 00 00 00 00 00  ..@.............
0x0440  00 01 3d 11 46 5c 13 65 14 c0 3d 11 46 5c 13 65  ..=.F\.e..=.F\.e
=== u32 1..4 在 0x380-0x450 ===
u32 1: []
u32 2: []
u32 3: []
u32 4: []