块 mark@0x1ad 偏移0x1500 -> 流@0x1507: 116 点
    id=6656: (0.0, 0.0, 0.0)
块 mark@0x30a 偏移0x1700 -> 流@0x1704: 300 点
    id=66: (-5.0, 5.0, -5.0)
    id=67: (-5.0, 4.5, -5.0)
    id=68: (-5.0, 4.0, -5.0)
    id=69: (-5.0, 3.5, -5.0)
    id=70: (-5.0, 3.0, -5.0)
    id=71: (-5.0, 2.5, -5.0)
    id=72: (-5.0, 2.0, -5.0)
    id=73: (-5.0, 1.5, -5.0)
    id=74: (-5.0, 1.0, -5.0)
    id=75: (-5.0, 0.5, -5.0)
    id=76: (-5.0, 0.0, -5.0)
    id=77: (-5.0, -0.5, -5.0)
    id=78: (-5.0, -1.0, -5.0)
    id=79: (-5.0, -1.5, -5.0)
    id=80: (-5.0, -2.0, -5.0)
    id=81: (-5.0, -2.5, -5.0)
    id=82: (-5.0, -3.0, -5.0)
    id=83: (-5.0, -3.5, -5.0)
    id=84: (-5.0, -4.0, -5.0)
    id=85: (-5.0, -4.5, -5.0)
    id=86: (-5.0, -5.0, -5.0)
    id=87: (-4.5, -5.0, -5.0)
    id=88: (-4.0, -5.0, -5.0)
    id=89: (-3.5, -5.0, -5.0)
    id=90: (-3.0, -5.0, -5.0)
    id=91: (-2.5, -5.0, -5.0)
    id=92: (-2.0, -5.0, -5.0)
    id=93: (-1.5, -5.0, -5.0)
    id=94: (-1.0, -5.0, -5.0)
    id=95: (-0.5, -5.0, -5.0)
    id=96: (-0.0, -5.0, -5.0)
    id=97: (0.5, -5.0, -5.0)
    id=98: (1.0, -5.0, -5.0)
    id=99: (1.5, -5.0, -5.0)
    id=100: (2.0, -5.0, -5.0)
    id=101: (2.5, -5.0, -5.0)
    id=102: (3.0, -5.0, -5.0)
    id=103: (3.5, -5.0, -5.0)
    id=104: (4.0, -5.0, -5.0)
    id=105: (4.5, -5.0, -5.0)
    id=106: (0.0, 4.5, -5.0)
    id=107: (0.0, 4.0, -5.0)
    id=108: (0.0, 3.5, -5.0)
    id=109: (0.0, 3.0, -5.0)
    id=110: (0.0, 2.5, -5.0)
    id=111: (0.0, 2.0, -5.0)
    id=112: (0.0, 1.5, -5.0)
    id=113: (0.0, 1.0, -5.0)
    id=114: (0.0, 0.5, -5.0)
    id=115: (0.0, 0.0, -5.0)
    id=116: (0.0, -0.5, -5.0)
    id=117: (0.0, -1.0, -5.0)
    id=118: (0.0, -1.5, -5.0)
    id=119: (0.0, -2.0, -5.0)
    id=120: (0.0, -2.5, -5.0)
    id=121: (0.0, -3.0, -5.0)
    id=122: (0.0, -3.5, -5.0)
    id=123: (0.0, -4.0, -5.0)
    id=124: (0.0, -4.5, -5.0)
    id=125: (0.5, 0.0, -5.0)
    id=126: (1.0, -0.0, -5.0)
    id=127: (1.5, 0.0, -5.0)
    id=128: (2.0, 0.0, -5.0)
    id=129: (2.5, 0.0, -5.0)
    id=130: (3.0, 0.0, -5.0)
    id=131: (3.5, 0.0, -5.0)
    id=132: (4.0, 0.0, -5.0)
    id=133: (4.5, 0.0, -5.0)
    id=134: (0.5, 2.5, -5.0)
    id=135: (1.0, 2.5, -5.0)
    id=136: (1.5, 2.5, -5.0)
    id=137: (2.0, 2.5, -5.0)
    id=138: (2.5, 2.5, -5.0)
    id=139: (3.0, 2.5, -5.0)
    id=140: (3.5, 2.5, -5.0)
    id=141: (4.0, 2.5, -5.0)
    id=142: (4.5, 2.5, -5.0)
    id=143: (2.5, 3.0, -5.0)
    id=144: (2.5, 3.5, -5.0)
    id=145: (2.5, 4.0, -5.0)
    id=146: (2.5, 4.5, -5.0)
    id=147: (1.0, 3.0, -5.0)
    id=148: (1.0, 3.5, -5.0)
    id=149: (1.0, 4.0, -5.0)
    id=150: (1.0, 4.5, -5.0)
    id=151: (0.5, 3.5, -5.0)
    id=152: (0.5, 3.0, -5.0)
    id=153: (0.5, 4.0, -5.0)
    id=154: (0.5, 4.5, -5.0)
    id=155: (2.0, 3.5, -5.0)
    id=156: (1.5, 3.5, -5.0)
    id=157: (2.0, 3.0, -5.0)
    id=158: (1.5, 3.0, -5.0)
    id=159: (2.0, 4.0, -5.0)
    id=160: (1.5, 4.0, -5.0)
    id=161: (2.0, 4.5, -5.0)
    id=162: (1.5, 4.5, -5.0)
    id=163: (3.5, 3.0, -5.0)
    id=164: (3.5, 3.5, -5.0)
    id=165: (3.5, 4.0, -5.0)
    id=166: (3.5, 4.5, -5.0)
    id=167: (3.0, 3.5, -5.0)
    id=168: (3.0, 3.0, -5.0)
    id=169: (3.0, 4.0, -5.0)
    id=170: (3.0, 4.5, -5.0)
    id=171: (4.5, 3.5, -5.0)
    id=172: (4.0, 3.5, -5.0)
    id=173: (4.5, 3.0, -5.0)
    id=174: (4.0, 3.0, -5.0)
    id=175: (4.5, 4.0, -5.0)
    id=176: (4.0, 4.0, -5.0)
    id=177: (4.5, 4.5, -5.0)
    id=178: (4.0, 4.5, -5.0)
    id=179: (2.5, 0.5, -5.0)
    id=180: (2.5, 1.0, -5.0)
    id=181: (2.5, 1.5, -5.0)
    id=182: (2.5, 2.0, -5.0)
    id=183: (1.0, 0.5, -5.0)
    id=184: (1.0, 1.0, -5.0)
    id=185: (1.0, 1.5, -5.0)
    id=186: (1.0, 2.0, -5.0)
    id=187: (0.5, 1.0, -5.0)
    id=188: (0.5, 0.5, -5.0)
    id=189: (0.5, 1.5, -5.0)
    id=190: (0.5, 2.0, -5.0)
    id=191: (2.0, 1.0, -5.0)
    id=192: (1.5, 1.0, -5.0)
    id=193: (2.0, 0.5, -5.0)
    id=194: (1.5, 0.5, -5.0)
    id=195: (2.0, 1.5, -5.0)
    id=196: (1.5, 1.5, -5.0)
    id=197: (2.0, 2.0, -5.0)
    id=198: (1.5, 2.0, -5.0)
    id=199: (3.5, 0.5, -5.0)
    id=200: (3.5, 1.0, -5.0)
    id=201: (3.5, 1.5, -5.0)
    id=202: (3.5, 2.0, -5.0)
    id=203: (3.0, 1.0, -5.0)
    id=204: (3.0, 0.5, -5.0)
    id=205: (3.0, 1.5, -5.0)
    id=206: (3.0, 2.0, -5.0)
    id=207: (4.5, 1.0, -5.0)
    id=208: (4.0, 1.0, -5.0)
    id=209: (4.5, 0.5, -5.0)
    id=210: (4.0, 0.5, -5.0)
    id=211: (4.5, 1.5, -5.0)
    id=212: (4.0, 1.5, -5.0)
    id=213: (4.5, 2.0, -5.0)
    id=214: (4.0, 2.0, -5.0)
    id=215: (0.5, -2.5, -5.0)
    id=216: (1.0, -2.5, -5.0)
    id=217: (1.5, -2.5, -5.0)
    id=218: (2.0, -2.5, -5.0)
    id=219: (2.5, -2.5, -5.0)
    id=220: (3.0, -2.5, -5.0)
    id=221: (3.5, -2.5, -5.0)
    id=222: (4.0, -2.5, -5.0)
    id=223: (4.5, -2.5, -5.0)
    id=224: (2.5, -2.0, -5.0)
    id=225: (2.5, -1.5, -5.0)
    id=226: (2.5, -1.0, -5.0)
    id=227: (2.5, -0.5, -5.0)
    id=228: (1.0, -2.0, -5.0)
    id=229: (1.0, -1.5, -5.0)
    id=230: (1.0, -1.0, -5.0)
    id=231: (1.0, -0.5, -5.0)
    id=232: (0.5, -1.5, -5.0)
    id=233: (0.5, -2.0, -5.0)
    id=234: (0.5, -1.0, -5.0)
    id=235: (0.5, -0.5, -5.0)
    id=236: (2.0, -1.5, -5.0)
    id=237: (1.5, -1.5, -5.0)
    id=238: (2.0, -2.0, -5.0)
    id=239: (1.5, -2.0, -5.0)
    id=240: (2.0, -1.0, -5.0)
    id=241: (1.5, -1.0, -5.0)
    id=242: (2.0, -0.5, -5.0)
    id=243: (1.5, -0.5, -5.0)
    id=244: (3.5, -2.0, -5.0)
    id=245: (3.5, -1.5, -5.0)
    id=246: (3.5, -1.0, -5.0)
    id=247: (3.5, -0.5, -5.0)
    id=248: (3.0, -1.5, -5.0)
    id=249: (3.0, -2.0, -5.0)
    id=250: (3.0, -1.0, -5.0)
    id=251: (3.0, -0.5, -5.0)
    id=252: (4.5, -1.5, -5.0)
    id=253: (4.0, -1.5, -5.0)
    id=254: (4.5, -2.0, -5.0)
    id=255: (4.0, -2.0, -5.0)
    id=256: (4.5, -1.0, -5.0)
    id=257: (4.0, -1.0, -5.0)
    id=258: (4.5, -0.5, -5.0)
    id=259: (4.0, -0.5, -5.0)
    id=260: (2.5, -4.5, -5.0)
    id=261: (2.5, -4.0, -5.0)
    id=262: (2.5, -3.5, -5.0)
    id=263: (2.5, -3.0, -5.0)
    id=264: (1.0, -4.5, -5.0)
    id=265: (1.0, -4.0, -5.0)
    id=266: (1.0, -3.5, -5.0)
    id=267: (1.0, -3.0, -5.0)
    id=268: (0.5, -4.0, -5.0)
    id=269: (0.5, -4.5, -5.0)
    id=270: (0.5, -3.5, -5.0)
    id=271: (0.5, -3.0, -5.0)
    id=272: (2.0, -4.0, -5.0)
    id=273: (1.5, -4.0, -5.0)
    id=274: (2.0, -4.5, -5.0)
    id=275: (1.5, -4.5, -5.0)
    id=276: (2.0, -3.5, -5.0)
    id=277: (1.5, -3.5, -5.0)
    id=278: (2.0, -3.0, -5.0)
    id=279: (1.5, -3.0, -5.0)
    id=280: (3.5, -4.5, -5.0)
    id=281: (3.5, -4.0, -5.0)
    id=282: (3.5, -3.5, -5.0)
    id=283: (3.5, -3.0, -5.0)
    id=284: (3.0, -4.0, -5.0)
    id=285: (3.0, -4.5, -5.0)
    id=286: (3.0, -3.5, -5.0)
    id=287: (3.0, -3.0, -5.0)
    id=288: (4.5, -4.0, -5.0)
    id=289: (4.0, -4.0, -5.0)
    id=290: (4.5, -4.5, -5.0)
    id=291: (4.0, -4.5, -5.0)
    id=292: (4.5, -3.5, -5.0)
    id=293: (4.0, -3.5, -5.0)
    id=294: (4.5, -3.0, -5.0)
    id=295: (4.0, -3.0, -5.0)
    id=296: (-4.5, 0.0, -5.0)
    id=297: (-4.0, -0.0, -5.0)
    id=298: (-3.5, 0.0, -5.0)
    id=299: (-3.0, 0.0, -5.0)
    id=300: (-2.5, 0.0, -5.0)
    id=301: (-2.0, 0.0, -5.0)
    id=302: (-1.5, 0.0, -5.0)
    id=303: (-1.0, 0.0, -5.0)
    id=304: (-0.5, 0.0, -5.0)
    id=305: (-4.5, 2.5, -5.0)
    id=306: (-4.0, 2.5, -5.0)
    id=307: (-3.5, 2.5, -5.0)
    id=308: (-3.0, 2.5, -5.0)
    id=309: (-2.5, 2.5, -5.0)
    id=310: (-2.0, 2.5, -5.0)
    id=311: (-1.5, 2.5, -5.0)
    id=312: (-1.0, 2.5, -5.0)
    id=313: (-0.5, 2.5, -5.0)
    id=314: (-2.5, 3.0, -5.0)
    id=315: (-2.5, 3.5, -5.0)
    id=316: (-2.5, 4.0, -5.0)
    id=317: (-2.5, 4.5, -5.0)
    id=318: (-4.0, 3.0, -5.0)
    id=319: (-4.0, 3.5, -5.0)
    id=320: (-4.0, 4.0, -5.0)
    id=321: (-4.0, 4.5, -5.0)
    id=322: (-4.5, 3.5, -5.0)
    id=323: (-4.5, 3.0, -5.0)
    id=324: (-4.5, 4.0, -5.0)
    id=325: (-4.5, 4.5, -5.0)
    id=326: (-3.0, 3.5, -5.0)
    id=327: (-3.5, 3.5, -5.0)
    id=328: (-3.0, 3.0, -5.0)
    id=329: (-3.5, 3.0, -5.0)
    id=330: (-3.0, 4.0, -5.0)
    id=331: (-3.5, 4.0, -5.0)
    id=332: (-3.0, 4.5, -5.0)
    id=333: (-3.5, 4.5, -5.0)
    id=334: (-1.5, 3.0, -5.0)
    id=335: (-1.5, 3.5, -5.0)
    id=336: (-1.5, 4.0, -5.0)
    id=337: (-1.5, 4.5, -5.0)
    id=338: (-2.0, 3.5, -5.0)
    id=339: (-2.0, 3.0, -5.0)
    id=340: (-2.0, 4.0, -5.0)
    id=341: (-2.0, 4.5, -5.0)
    id=342: (-0.5, 3.5, -5.0)
    id=343: (-1.0, 3.5, -5.0)
    id=344: (-0.5, 3.0, -5.0)
    id=345: (-1.0, 3.0, -5.0)
    id=346: (-0.5, 4.0, -5.0)
    id=347: (-1.0, 4.0, -5.0)
    id=348: (-0.5, 4.5, -5.0)
    id=349: (-1.0, 4.5, -5.0)
    id=350: (-2.5, 0.5, -5.0)
    id=351: (-2.5, 1.0, -5.0)
    id=352: (-2.5, 1.5, -5.0)
    id=353: (-2.5, 2.0, -5.0)
    id=354: (-4.0, 0.5, -5.0)
    id=355: (-4.0, 1.0, -5.0)
    id=356: (-4.0, 1.5, -5.0)
    id=357: (-4.0, 2.0, -5.0)
    id=358: (-4.5, 1.0, -5.0)
    id=359: (-4.5, 0.5, -5.0)
    id=360: (-4.5, 1.5, -5.0)
    id=361: (-4.5, 2.0, -5.0)
    id=362: (-3.0, 1.0, -5.0)
    id=363: (-3.5, 1.0, -5.0)
    id=364: (-3.0, 0.5, -5.0)
    id=365: (-3.5, 0.5, -5.0)
块 mark@0x42f 偏移0x1900 -> 流@0x190c: 300 点
    id=76: (-5.0, 0.0, -5.0)
    id=77: (-5.0, -0.5, -5.0)
    id=78: (-5.0, -1.0, -5.0)
    id=79: (-5.0, -1.5, -5.0)
    id=80: (-5.0, -2.0, -5.0)
    id=81: (-5.0, -2.5, -5.0)
    id=82: (-5.0, -3.0, -5.0)
    id=83: (-5.0, -3.5, -5.0)
    id=84: (-5.0, -4.0, -5.0)
    id=85: (-5.0, -4.5, -5.0)
    id=86: (-5.0, -5.0, -5.0)
    id=87: (-4.5, -5.0, -5.0)
    id=88: (-4.0, -5.0, -5.0)
    id=89: (-3.5, -5.0, -5.0)
    id=90: (-3.0, -5.0, -5.0)
    id=91: (-2.5, -5.0, -5.0)
    id=92: (-2.0, -5.0, -5.0)
    id=93: (-1.5, -5.0, -5.0)
    id=94: (-1.0, -5.0, -5.0)
    id=95: (-0.5, -5.0, -5.0)
    id=96: (-0.0, -5.0, -5.0)
    id=97: (0.5, -5.0, -5.0)
    id=98: (1.0, -5.0, -5.0)
    id=99: (1.5, -5.0, -5.0)
    id=100: (2.0, -5.0, -5.0)
    id=101: (2.5, -5.0, -5.0)
    id=102: (3.0, -5.0, -5.0)
    id=103: (3.5, -5.0, -5.0)
    id=104: (4.0, -5.0, -5.0)
    id=105: (4.5, -5.0, -5.0)
    id=106: (0.0, 4.5, -5.0)
    id=107: (0.0, 4.0, -5.0)
    id=108: (0.0, 3.5, -5.0)
    id=109: (0.0, 3.0, -5.0)
    id=110: (0.0, 2.5, -5.0)
    id=111: (0.0, 2.0, -5.0)
    id=112: (0.0, 1.5, -5.0)
    id=113: (0.0, 1.0, -5.0)
    id=114: (0.0, 0.5, -5.0)
    id=115: (0.0, 0.0, -5.0)
    id=116: (0.0, -0.5, -5.0)
    id=117: (0.0, -1.0, -5.0)
    id=118: (0.0, -1.5, -5.0)
    id=119: (0.0, -2.0, -5.0)
    id=120: (0.0, -2.5, -5.0)
    id=121: (0.0, -3.0, -5.0)
    id=122: (0.0, -3.5, -5.0)
    id=123: (0.0, -4.0, -5.0)
    id=124: (0.0, -4.5, -5.0)
    id=125: (0.5, 0.0, -5.0)
    id=126: (1.0, -0.0, -5.0)
    id=127: (1.5, 0.0, -5.0)
    id=128: (2.0, 0.0, -5.0)
    id=129: (2.5, 0.0, -5.0)
    id=130: (3.0, 0.0, -5.0)
    id=131: (3.5, 0.0, -5.0)
    id=132: (4.0, 0.0, -5.0)
    id=133: (4.5, 0.0, -5.0)
    id=134: (0.5, 2.5, -5.0)
    id=135: (1.0, 2.5, -5.0)
    id=136: (1.5, 2.5, -5.0)
    id=137: (2.0, 2.5, -5.0)
    id=138: (2.5, 2.5, -5.0)
    id=139: (3.0, 2.5, -5.0)
    id=140: (3.5, 2.5, -5.0)
    id=141: (4.0, 2.5, -5.0)
    id=142: (4.5, 2.5, -5.0)
    id=143: (2.5, 3.0, -5.0)
    id=144: (2.5, 3.5, -5.0)
    id=145: (2.5, 4.0, -5.0)
    id=146: (2.5, 4.5, -5.0)
    id=147: (1.0, 3.0, -5.0)
    id=148: (1.0, 3.5, -5.0)
    id=149: (1.0, 4.0, -5.0)
    id=150: (1.0, 4.5, -5.0)
    id=151: (0.5, 3.5, -5.0)
    id=152: (0.5, 3.0, -5.0)
    id=153: (0.5, 4.0, -5.0)
    id=154: (0.5, 4.5, -5.0)
    id=155: (2.0, 3.5, -5.0)
    id=156: (1.5, 3.5, -5.0)
    id=157: (2.0, 3.0, -5.0)
    id=158: (1.5, 3.0, -5.0)
    id=159: (2.0, 4.0, -5.0)
    id=160: (1.5, 4.0, -5.0)
    id=161: (2.0, 4.5, -5.0)
    id=162: (1.5, 4.5, -5.0)
    id=163: (3.5, 3.0, -5.0)
    id=164: (3.5, 3.5, -5.0)
    id=165: (3.5, 4.0, -5.0)
    id=166: (3.5, 4.5, -5.0)
    id=167: (3.0, 3.5, -5.0)
    id=168: (3.0, 3.0, -5.0)
    id=169: (3.0, 4.0, -5.0)
    id=170: (3.0, 4.5, -5.0)
    id=171: (4.5, 3.5, -5.0)
    id=172: (4.0, 3.5, -5.0)
    id=173: (4.5, 3.0, -5.0)
    id=174: (4.0, 3.0, -5.0)
    id=175: (4.5, 4.0, -5.0)
    id=176: (4.0, 4.0, -5.0)
    id=177: (4.5, 4.5, -5.0)
    id=178: (4.0, 4.5, -5.0)
    id=179: (2.5, 0.5, -5.0)
    id=180: (2.5, 1.0, -5.0)
    id=181: (2.5, 1.5, -5.0)
    id=182: (2.5, 2.0, -5.0)
    id=183: (1.0, 0.5, -5.0)
    id=184: (1.0, 1.0, -5.0)
    id=185: (1.0, 1.5, -5.0)
    id=186: (1.0, 2.0, -5.0)
    id=187: (0.5, 1.0, -5.0)
    id=188: (0.5, 0.5, -5.0)
    id=189: (0.5, 1.5, -5.0)
    id=190: (0.5, 2.0, -5.0)
    id=191: (2.0, 1.0, -5.0)
    id=192: (1.5, 1.0, -5.0)
    id=193: (2.0, 0.5, -5.0)
    id=194: (1.5, 0.5, -5.0)
    id=195: (2.0, 1.5, -5.0)
    id=196: (1.5, 1.5, -5.0)
    id=197: (2.0, 2.0, -5.0)
    id=198: (1.5, 2.0, -5.0)
    id=199: (3.5, 0.5, -5.0)
    id=200: (3.5, 1.0, -5.0)
    id=201: (3.5, 1.5, -5.0)
    id=202: (3.5, 2.0, -5.0)
    id=203: (3.0, 1.0, -5.0)
    id=204: (3.0, 0.5, -5.0)
    id=205: (3.0, 1.5, -5.0)
    id=206: (3.0, 2.0, -5.0)
    id=207: (4.5, 1.0, -5.0)
    id=208: (4.0, 1.0, -5.0)
    id=209: (4.5, 0.5, -5.0)
    id=210: (4.0, 0.5, -5.0)
    id=211: (4.5, 1.5, -5.0)
    id=212: (4.0, 1.5, -5.0)
    id=213: (4.5, 2.0, -5.0)
    id=214: (4.0, 2.0, -5.0)
    id=215: (0.5, -2.5, -5.0)
    id=216: (1.0, -2.5, -5.0)
    id=217: (1.5, -2.5, -5.0)
    id=218: (2.0, -2.5, -5.0)
    id=219: (2.5, -2.5, -5.0)
    id=220: (3.0, -2.5, -5.0)
    id=221: (3.5, -2.5, -5.0)
    id=222: (4.0, -2.5, -5.0)
    id=223: (4.5, -2.5, -5.0)
    id=224: (2.5, -2.0, -5.0)
    id=225: (2.5, -1.5, -5.0)
    id=226: (2.5, -1.0, -5.0)
    id=227: (2.5, -0.5, -5.0)
    id=228: (1.0, -2.0, -5.0)
    id=229: (1.0, -1.5, -5.0)
    id=230: (1.0, -1.0, -5.0)
    id=231: (1.0, -0.5, -5.0)
    id=232: (0.5, -1.5, -5.0)
    id=233: (0.5, -2.0, -5.0)
    id=234: (0.5, -1.0, -5.0)
    id=235: (0.5, -0.5, -5.0)
    id=236: (2.0, -1.5, -5.0)
    id=237: (1.5, -1.5, -5.0)
    id=238: (2.0, -2.0, -5.0)
    id=239: (1.5, -2.0, -5.0)
    id=240: (2.0, -1.0, -5.0)
    id=241: (1.5, -1.0, -5.0)
    id=242: (2.0, -0.5, -5.0)
    id=243: (1.5, -0.5, -5.0)
    id=244: (3.5, -2.0, -5.0)
    id=245: (3.5, -1.5, -5.0)
    id=246: (3.5, -1.0, -5.0)
    id=247: (3.5, -0.5, -5.0)
    id=248: (3.0, -1.5, -5.0)
    id=249: (3.0, -2.0, -5.0)
    id=250: (3.0, -1.0, -5.0)
    id=251: (3.0, -0.5, -5.0)
    id=252: (4.5, -1.5, -5.0)
    id=253: (4.0, -1.5, -5.0)
    id=254: (4.5, -2.0, -5.0)
    id=255: (4.0, -2.0, -5.0)
    id=256: (4.5, -1.0, -5.0)
    id=257: (4.0, -1.0, -5.0)
    id=258: (4.5, -0.5, -5.0)
    id=259: (4.0, -0.5, -5.0)
    id=260: (2.5, -4.5, -5.0)
    id=261: (2.5, -4.0, -5.0)
    id=262: (2.5, -3.5, -5.0)
    id=263: (2.5, -3.0, -5.0)
    id=264: (1.0, -4.5, -5.0)
    id=265: (1.0, -4.0, -5.0)
    id=266: (1.0, -3.5, -5.0)
    id=267: (1.0, -3.0, -5.0)
    id=268: (0.5, -4.0, -5.0)
    id=269: (0.5, -4.5, -5.0)
    id=270: (0.5, -3.5, -5.0)
    id=271: (0.5, -3.0, -5.0)
    id=272: (2.0, -4.0, -5.0)
    id=273: (1.5, -4.0, -5.0)
    id=274: (2.0, -4.5, -5.0)
    id=275: (1.5, -4.5, -5.0)
    id=276: (2.0, -3.5, -5.0)
    id=277: (1.5, -3.5, -5.0)
    id=278: (2.0, -3.0, -5.0)
    id=279: (1.5, -3.0, -5.0)
    id=280: (3.5, -4.5, -5.0)
    id=281: (3.5, -4.0, -5.0)
    id=282: (3.5, -3.5, -5.0)
    id=283: (3.5, -3.0, -5.0)
    id=284: (3.0, -4.0, -5.0)
    id=285: (3.0, -4.5, -5.0)
    id=286: (3.0, -3.5, -5.0)
    id=287: (3.0, -3.0, -5.0)
    id=288: (4.5, -4.0, -5.0)
    id=289: (4.0, -4.0, -5.0)
    id=290: (4.5, -4.5, -5.0)
    id=291: (4.0, -4.5, -5.0)
    id=292: (4.5, -3.5, -5.0)
    id=293: (4.0, -3.5, -5.0)
    id=294: (4.5, -3.0, -5.0)
    id=295: (4.0, -3.0, -5.0)
    id=296: (-4.5, 0.0, -5.0)
    id=297: (-4.0, -0.0, -5.0)
    id=298: (-3.5, 0.0, -5.0)
    id=299: (-3.0, 0.0, -5.0)
    id=300: (-2.5, 0.0, -5.0)
    id=301: (-2.0, 0.0, -5.0)
    id=302: (-1.5, 0.0, -5.0)
    id=303: (-1.0, 0.0, -5.0)
    id=304: (-0.5, 0.0, -5.0)
    id=305: (-4.5, 2.5, -5.0)
    id=306: (-4.0, 2.5, -5.0)
    id=307: (-3.5, 2.5, -5.0)
    id=308: (-3.0, 2.5, -5.0)
    id=309: (-2.5, 2.5, -5.0)
    id=310: (-2.0, 2.5, -5.0)
    id=311: (-1.5, 2.5, -5.0)
    id=312: (-1.0, 2.5, -5.0)
    id=313: (-0.5, 2.5, -5.0)
    id=314: (-2.5, 3.0, -5.0)
    id=315: (-2.5, 3.5, -5.0)
    id=316: (-2.5, 4.0, -5.0)
    id=317: (-2.5, 4.5, -5.0)
    id=318: (-4.0, 3.0, -5.0)
    id=319: (-4.0, 3.5, -5.0)
    id=320: (-4.0, 4.0, -5.0)
    id=321: (-4.0, 4.5, -5.0)
    id=322: (-4.5, 3.5, -5.0)
    id=323: (-4.5, 3.0, -5.0)
    id=324: (-4.5, 4.0, -5.0)
    id=325: (-4.5, 4.5, -5.0)
    id=326: (-3.0, 3.5, -5.0)
    id=327: (-3.5, 3.5, -5.0)
    id=328: (-3.0, 3.0, -5.0)
    id=329: (-3.5, 3.0, -5.0)
    id=330: (-3.0, 4.0, -5.0)
    id=331: (-3.5, 4.0, -5.0)
    id=332: (-3.0, 4.5, -5.0)
    id=333: (-3.5, 4.5, -5.0)
    id=334: (-1.5, 3.0, -5.0)
    id=335: (-1.5, 3.5, -5.0)
    id=336: (-1.5, 4.0, -5.0)
    id=337: (-1.5, 4.5, -5.0)
    id=338: (-2.0, 3.5, -5.0)
    id=339: (-2.0, 3.0, -5.0)
    id=340: (-2.0, 4.0, -5.0)
    id=341: (-2.0, 4.5, -5.0)
    id=342: (-0.5, 3.5, -5.0)
    id=343: (-1.0, 3.5, -5.0)
    id=344: (-0.5, 3.0, -5.0)
    id=345: (-1.0, 3.0, -5.0)
    id=346: (-0.5, 4.0, -5.0)
    id=347: (-1.0, 4.0, -5.0)
    id=348: (-0.5, 4.5, -5.0)
    id=349: (-1.0, 4.5, -5.0)
    id=350: (-2.5, 0.5, -5.0)
    id=351: (-2.5, 1.0, -5.0)
    id=352: (-2.5, 1.5, -5.0)
    id=353: (-2.5, 2.0, -5.0)
    id=354: (-4.0, 0.5, -5.0)
    id=355: (-4.0, 1.0, -5.0)
    id=356: (-4.0, 1.5, -5.0)
    id=357: (-4.0, 2.0, -5.0)
    id=358: (-4.5, 1.0, -5.0)
    id=359: (-4.5, 0.5, -5.0)
    id=360: (-4.5, 1.5, -5.0)
    id=361: (-4.5, 2.0, -5.0)
    id=362: (-3.0, 1.0, -5.0)
    id=363: (-3.5, 1.0, -5.0)
    id=364: (-3.0, 0.5, -5.0)
    id=365: (-3.5, 0.5, -5.0)
    id=366: (-3.0, 1.5, -5.0)
    id=367: (-3.5, 1.5, -5.0)
    id=368: (-3.0, 2.0, -5.0)
    id=369: (-3.5, 2.0, -5.0)
    id=370: (-1.5, 0.5, -5.0)
    id=371: (-1.5, 1.0, -5.0)
    id=372: (-1.5, 1.5, -5.0)
    id=373: (-1.5, 2.0, -5.0)
    id=374: (-2.0, 1.0, -5.0)
    id=375: (-2.0, 0.5, -5.0)
块 mark@0x554 偏移0x1b00 -> 流@0x1b02: 11 点
    id=49172: (0.0, 0.0, 0.0)