0x2400  00 00 00 00 05 00 00 00 00 00 08 40 00 00 00 00  ...........@....
0x2410  00 00 00 00 00 00 00 00 00 00 14 c0 00 00 00 00  ................
0x2420  00 00 00 00 00 00 00 00 00 00 00 00 82 00 00 00  ................
0x2430  00 00 00 00 00 00 00 00 01 00 00 00 00 00 0c 40  ...............@
0x2440  00 00 00 00 00 00 00 00 00 00 00 00 00 00 14 c0  ................
0x2450  00 00 00 00 00 00 00 00 00 00 00 00 00 00 00 00  ................
0x2460  83 00 00 00 00 00 00 00 00 00 00 00 01 00 00 00  ................
0x2470  00 00 10 40 00 00 00 00 00 00 00 00 00 00 00 00  ...@............
0x2480  00 00 14 c0 00 00 00 00 00 00 00 00 00 00 00 00  ................
0x2490  00 00 00 00 84 00 00 00 00 00 00 00 00 00 00 00  ................
0x24a0  00 00 00 00 00 00 12 40 00 00 00 00 00 00 00 00  .......@........
0x24b0  00 00 00 00 00 00 14 c0 00 00 00 00 00 00 00 00  ................
0x24c0  00 00 00 00 00 00 00 00 85 00 00 00 00 00 00 00  ................
0x24d0  00 00 00 00 f0 ff ff ff ff ff df 3f 04 00 00 00  ...........?....
0x24e0  00 00 04 40 00 00 00 00 00 00 14 c0 00 00 00 00  ...@............
0x24f0  00 00 00 00 00 00 00 00 00 00 00 00 86 00 00 00  ................