=== 0x1500 (点几何数据区) ===
0x1500  00 00 e9 bc 01 00 00 00 00 00 14 40 00 00 00 00  ...........@....
0x1510  00 00 14 c0 00 00 00 00 00 00 00 00 00 00 00 00  ................
0x1520  00 00 00 00 38 00 00 00 00 00 00 00 00 00 00 00  ....8...........
0x1530  1a 00 00 00 00 00 e0 bf 00 00 00 00 00 00 14 40  ...............@
0x1540  00 00 00 00 00 00 14 c0 00 00 00 00 00 00 00 00  ................
0x1550  00 00 00 00 00 00 00 00 39 00 00 00 00 00 00 00  ........9.......
0x1560  00 00 00 00 11 00 00 00 00 00 f0 bf 01 00 00 00  ................
0x1570  00 00 14 40 00 00 00 00 00 00 14 c0 00 00 00 00  ...@............
0x1580  00 00 00 00 00 00 00 00 00 00 00 00 3a 00 00 00  ............:...
0x1590  00 00 00 00 00 00 00 00 12 00 00 00 00 00 f8 bf  ................
0x15a0  01 00 00 00 00 00 14 40 00 00 00 00 00 00 14 c0  .......@........
0x15b0  00 00 00 00 00 00 00 00 00 00 00 00 00 00 00 00  ................
0x15c0  3b 00 00 00 00 00 00 00 00 00 00 00 05 00 00 00  ;...............
0x15d0  00 00 00 c0 01 00 00 00 00 00 14 40 00 00 00 00  ...........@....
0x15e0  00 00 14 c0 00 00 00 00 00 00 00 00 00 00 00 00  ................
0x15f0  00 00 00 00 3c 00 00 00 00 00 00 00 00 00 00 00  ....<...........
0x1600  06 00 00 00 00 00 04 c0 01 00 00 00 00 00 14 40  ...............@
0x1610  00 00 00 00 00 00 14 c0 00 00 00 00 00 00 00 00  ................
0x1620  00 00 00 00 00 00 00 00 3d 00 00 00 00 00 00 00  ........=.......
0x1630  00 00 00 00 0d 00 00 00 00 00 08 c0 02 00 00 00  ................
0x1640  00 00 14 40 00 00 00 00 00 00 14 c0 00 00 00 00  ...@............
0x1650  00 00 00 00 00 00 00 00 00 00 00 00 3e 00 00 00  ............>...
0x1660  00 00 00 00 00 00 00 00 03 00 00 00 00 00 0c c0  ................
0x1670  01 00 00 00 00 00 14 40 00 00 00 00 00 00 14 c0  .......@........
0x1680  00 00 00 00 00 00 00 00 00 00 00 00 00 00 00 00  ................
0x1690  3f 00 00 00 00 00 00 00 00 00 00 00 04 00 00 00  ?...............
0x16a0  00 00 10 c0 01 00 00 00 00 00 14 40 00 00 00 00  ...........@....
0x16b0  00 00 14 c0 00 00 00 00 00 00 00 00 00 00 00 00  ................
0x16c0  00 00 00 00 40 00 00 00 00 00 00 00 00 00 00 00  ....@...........
0x16d0  01 00 00 00 00 00 12 c0 00 00 00 00 00 00 14 40  ...............@
0x16e0  00 00 00 00 00 00 14 c0 00 00 00 00 00 00 00 00  ................
0x16f0  00 00 00 00 00 00 00 00 41 00 00 00 00 00 00 00  ........A.......
=== 0x1700 (点几何数据区) ===
0x1700  00 00 00 00 00 00 00 00 00 00 14 c0 00 00 00 00  ................
0x1710  00 00 14 40 00 00 00 00 00 00 14 c0 00 00 00 00  ...@............
0x1720  00 00 00 00 00 00 00 00 00 00 00 00 42 00 00 00  ............B...
0x1730  00 00 00 00 00 00 00 00 02 00 00 00 00 00 14 c0  ................
0x1740  00 00 00 00 00 00 12 40 00 00 00 00 00 00 14 c0  .......@........
0x1750  00 00 00 00 00 00 00 00 00 00 00 00 00 00 00 00  ................
0x1760  43 00 00 00 00 00 00 00 00 00 00 00 01 00 00 00  C...............
0x1770  00 00 14 c0 00 00 00 00 00 00 10 40 00 00 00 00  ...........@....
0x1780  00 00 14 c0 00 00 00 00 00 00 00 00 00 00 00 00  ................
0x1790  00 00 00 00 44 00 00 00 00 00 00 00 00 00 00 00  ....D...........
0x17a0  02 00 00 00 00 00 14 c0 02 00 00 00 00 00 0c 40  ...............@
0x17b0  00 00 00 00 00 00 14 c0 00 00 00 00 00 00 00 00  ................
0x17c0  00 00 00 00 00 00 00 00 45 00 00 00 00 00 00 00  ........E.......
0x17d0  00 00 00 00 03 00 00 00 00 00 14 c0 03 00 00 00  ................
0x17e0  00 00 08 40 00 00 00 00 00 00 14 c0 00 00 00 00  ...@............
0x17f0  00 00 00 00 00 00 00 00 00 00 00 00 46 00 00 00  ............F...
0x1800  00 00 00 00 00 00 00 00 02 00 00 00 00 00 14 c0  ................
0x1810  03 00 00 00 00 00 04 40 00 00 00 00 00 00 14 c0  .......@........
0x1820  00 00 00 00 00 00 00 00 00 00 00 00 00 00 00 00  ................
0x1830  47 00 00 00 00 00 00 00 00 00 00 00 02 00 00 00  G...............
0x1840  00 00 14 c0 04 00 00 00 00 00 00 40 00 00 00 00  ...........@....
0x1850  00 00 14 c0 00 00 00 00 00 00 00 00 00 00 00 00  ................
0x1860  00 00 00 00 48 00 00 00 00 00 00 00 00 00 00 00  ....H...........
0x1870  02 00 00 00 00 00 14 c0 0d 00 00 00 00 00 f8 3f  ...............?
0x1880  00 00 00 00 00 00 14 c0 00 00 00 00 00 00 00 00  ................
0x1890  00 00 00 00 00 00 00 00 49 00 00 00 00 00 00 00  ........I.......
0x18a0  00 00 00 00 02 00 00 00 00 00 14 c0 04 00 00 00  ................
0x18b0  00 00 f0 3f 00 00 00 00 00 00 14 c0 00 00 00 00  ...?............
0x18c0  00 00 00 00 00 00 00 00 00 00 00 00 4a 00 00 00  ............J...
0x18d0  00 00 00 00 00 00 00 00 02 00 00 00 00 00 14 c0  ................
0x18e0  14 00 00 00 00 00 e0 3f 00 00 00 00 00 00 14 c0  .......?........
0x18f0  00 00 00 00 00 00 00 00 00 00 00 00 00 00 00 00  ................
=== 0x1900 (点几何数据区) ===
0x1900  4b 00 00 00 00 00 00 00 00 00 00 00 02 00 00 00  K...............
0x1910  00 00 14 c0 00 00 00 00 00 00 e4 3c 00 00 00 00  ...........<....
0x1920  00 00 14 c0 00 00 00 00 00 00 00 00 00 00 00 00  ................
0x1930  00 00 00 00 4c 00 00 00 00 00 00 00 00 00 00 00  ....L...........
0x1940  02 00 00 00 00 00 14 c0 da ff ff ff ff ff df bf  ................
0x1950  00 00 00 00 00 00 14 c0 00 00 00 00 00 00 00 00  ................
0x1960  00 00 00 00 00 00 00 00 4d 00 00 00 00 00 00 00  ........M.......
0x1970  00 00 00 00 02 00 00 00 00 00 14 c0 f5 ff ff ff  ................
0x1980  ff ff ef bf 00 00 00 00 00 00 14 c0 00 00 00 00  ................
0x1990  00 00 00 00 00 00 00 00 00 00 00 00 4e 00 00 00  ............N...
0x19a0  00 00 00 00 00 00 00 00 03 00 00 00 00 00 14 c0  ................
0x19b0  00 00 00 00 00 00 f8 bf 00 00 00 00 00 00 14 c0  ................
0x19c0  00 00 00 00 00 00 00 00 00 00 00 00 00 00 00 00  ................
0x19d0  4f 00 00 00 00 00 00 00 00 00 00 00 01 00 00 00  O...............
0x19e0  00 00 14 c0 f7 ff ff ff ff ff ff bf 00 00 00 00  ................
0x19f0  00 00 14 c0 00 00 00 00 00 00 00 00 00 00 00 00  ................
0x1a00  00 00 00 00 50 00 00 00 00 00 00 00 00 00 00 00  ....P...........
0x1a10  00 00 00 00 00 00 14 c0 fd ff ff ff ff ff 03 c0  ................
0x1a20  00 00 00 00 00 00 14 c0 00 00 00 00 00 00 00 00  ................
0x1a30  00 00 00 00 00 00 00 00 51 00 00 00 00 00 00 00  ........Q.......
0x1a40  00 00 00 00 02 00 00 00 00 00 14 c0 06 00 00 00  ................
0x1a50  00 00 08 c0 00 00 00 00 00 00 14 c0 00 00 00 00  ................
0x1a60  00 00 00 00 00 00 00 00 00 00 00 00 52 00 00 00  ............R...
0x1a70  00 00 00 00 00 00 00 00 01 00 00 00 00 00 14 c0  ................
0x1a80  fd ff ff ff ff ff 0b c0 00 00 00 00 00 00 14 c0  ................
0x1a90  00 00 00 00 00 00 00 00 00 00 00 00 00 00 00 00  ................
0x1aa0  53 00 00 00 00 00 00 00 00 00 00 00 01 00 00 00  S...............
0x1ab0  00 00 14 c0 01 00 00 00 00 00 10 c0 00 00 00 00  ................
0x1ac0  00 00 14 c0 00 00 00 00 00 00 00 00 00 00 00 00  ................
0x1ad0  00 00 00 00 54 00 00 00 00 00 00 00 00 00 00 00  ....T...........
0x1ae0  00 00 00 00 00 00 14 c0 00 00 00 00 00 00 12 c0  ................
0x1af0  00 00 00 00 00 00 14 c0 00 00 00 00 00 00 00 00  ................
=== 0x1b00 (点几何数据区) ===
0x1b00  00 00 00 00 00 00 00 00 55 00 00 00 00 00 00 00  ........U.......
0x1b10  00 00 00 00 00 00 00 00 00 00 14 c0 00 00 00 00  ................
0x1b20  00 00 14 c0 00 00 00 00 00 00 14 c0 00 00 00 00  ................
0x1b30  00 00 00 00 00 00 00 00 00 00 00 00 56 00 00 00  ............V...
0x1b40  00 00 00 00 00 00 00 00 00 00 00 00 00 00 12 c0  ................
0x1b50  02 00 00 00 00 00 14 c0 00 00 00 00 00 00 14 c0  ................
0x1b60  00 00 00 00 00 00 00 00 00 00 00 00 00 00 00 00  ................
0x1b70  57 00 00 00 00 00 00 00 00 00 00 00 00 00 00 00  W...............
0x1b80  00 00 10 c0 01 00 00 00 00 00 14 c0 00 00 00 00  ................
0x1b90  00 00 14 c0 00 00 00 00 00 00 00 00 00 00 00 00  ................
0x1ba0  00 00 00 00 58 00 00 00 00 00 00 00 00 00 00 00  ....X...........
0x1bb0  02 00 00 00 00 00 0c c0 02 00 00 00 00 00 14 c0  ................
0x1bc0  00 00 00 00 00 00 14 c0 00 00 00 00 00 00 00 00  ................
0x1bd0  00 00 00 00 00 00 00 00 59 00 00 00 00 00 00 00  ........Y.......
0x1be0  00 00 00 00 03 00 00 00 00 00 08 c0 03 00 00 00  ................
0x1bf0  00 00 14 c0 00 00 00 00 00 00 14 c0 00 00 00 00  ................
0x1c00  00 00 00 00 00 00 00 00 00 00 00 00 5a 00 00 00  ............Z...
0x1c10  00 00 00 00 00 00 00 00 03 00 00 00 00 00 04 c0  ................
0x1c20  02 00 00 00 00 00 14 c0 00 00 00 00 00 00 14 c0  ................
0x1c30  00 00 00 00 00 00 00 00 00 00 00 00 00 00 00 00  ................
0x1c40  5b 00 00 00 00 00 00 00 00 00 00 00 04 00 00 00  [...............
0x1c50  00 00 00 c0 02 00 00 00 00 00 14 c0 00 00 00 00  ................
0x1c60  00 00 14 c0 00 00 00 00 00 00 00 00 00 00 00 00  ................
0x1c70  00 00 00 00 5c 00 00 00 00 00 00 00 00 00 00 00  ....\...........
0x1c80  0d 00 00 00 00 00 f8 bf 02 00 00 00 00 00 14 c0  ................
0x1c90  00 00 00 00 00 00 14 c0 00 00 00 00 00 00 00 00  ................
0x1ca0  00 00 00 00 00 00 00 00 5d 00 00 00 00 00 00 00  ........].......
0x1cb0  00 00 00 00 04 00 00 00 00 00 f0 bf 02 00 00 00  ................
0x1cc0  00 00 14 c0 00 00 00 00 00 00 14 c0 00 00 00 00  ................
0x1cd0  00 00 00 00 00 00 00 00 00 00 00 00 5e 00 00 00  ............^...
0x1ce0  00 00 00 00 00 00 00 00 14 00 00 00 00 00 e0 bf  ................
0x1cf0  02 00 00 00 00 00 14 c0 00 00 00 00 00 00 14 c0  ................