read: 1
elems=1562
cfg55_or_high=62
E id=1501 cfg=104 nodes= 695 694 679 675 0 0 0 0 0 0 0 0 0 0 0 0 0 0 0 0
E id=1502 cfg=104 nodes= 675 679 688 678 0 0 0 0 0 0 0 0 0 0 0 0 0 0 0 0
E id=1503 cfg=104 nodes= 667 628 666 654 0 0 0 0 0 0 0 0 0 0 0 0 0 0 0 0
E id=1504 cfg=104 nodes= 628 652 671 666 0 0 0 0 0 0 0 0 0 0 0 0 0 0 0 0
E id=1505 cfg=104 nodes= 680 681 657 650 0 0 0 0 0 0 0 0 0 0 0 0 0 0 0 0
E id=1506 cfg=104 nodes= 650 657 628 667 0 0 0 0 0 0 0 0 0 0 0 0 0 0 0 0
E id=1507 cfg=104 nodes= 681 686 676 657 0 0 0 0 0 0 0 0 0 0 0 0 0 0 0 0
E id=1508 cfg=104 nodes= 657 676 652 628 0 0 0 0 0 0 0 0 0 0 0 0 0 0 0 0
E id=1509 cfg=104 nodes= 668 673 629 702 0 0 0 0 0 0 0 0 0 0 0 0 0 0 0 0
E id=1510 cfg=104 nodes= 673 622 692 629 0 0 0 0 0 0 0 0 0 0 0 0 0 0 0 0
E id=1511 cfg=104 nodes= 646 653 673 668 0 0 0 0 0 0 0 0 0 0 0 0 0 0 0 0
E id=1512 cfg=104 nodes= 653 685 622 673 0 0 0 0 0 0 0 0 0 0 0 0 0 0 0 0
E id=1513 cfg=104 nodes= 674 648 653 646 0 0 0 0 0 0 0 0 0 0 0 0 0 0 0 0
E id=1514 cfg=104 nodes= 648 684 685 653 0 0 0 0 0 0 0 0 0 0 0 0 0 0 0 0
E id=1515 cfg=104 nodes= 671 664 648 674 0 0 0 0 0 0 0 0 0 0 0 0 0 0 0 0
E id=1516 cfg=104 nodes= 664 690 684 648 0 0 0 0 0 0 0 0 0 0 0 0 0 0 0 0
E id=1517 cfg=104 nodes= 669 658 660 662 0 0 0 0 0 0 0 0 0 0 0 0 0 0 0 0
E id=1518 cfg=104 nodes= 662 660 689 621 0 0 0 0 0 0 0 0 0 0 0 0 0 0 0 0
E id=1519 cfg=104 nodes= 658 646 668 660 0 0 0 0 0 0 0 0 0 0 0 0 0 0 0 0
E id=1520 cfg=104 nodes= 660 668 702 689 0 0 0 0 0 0 0 0 0 0 0 0 0 0 0 0
E id=1521 cfg=104 nodes= 654 666 659 626 0 0 0 0 0 0 0 0 0 0 0 0 0 0 0 0
E id=1522 cfg=104 nodes= 626 659 658 669 0 0 0 0 0 0 0 0 0 0 0 0 0 0 0 0
E id=1523 cfg=104 nodes= 666 671 674 659 0 0 0 0 0 0 0 0 0 0 0 0 0 0 0 0
E id=1524 cfg=104 nodes= 659 674 646 658 0 0 0 0 0 0 0 0 0 0 0 0 0 0 0 0
E id=1561 cfg=60 nodes= 1667 1668 0 0 0 0 0 0 0 0 0 0 0 0 0 0 0 0 0 0
E id=1562 cfg=60 nodes= 1666 1665 0 0 0 0 0 0 0 0 0 0 0 0 0 0 0 0 0 0
E id=1525 cfg=22 nodes= 1629 1631 1630 1632 0 0 0 0 0 0 0 0 0 0 0 0 0 0 0 0
E id=1526 cfg=22 nodes= 1653 1652 1656 1649 0 0 0 0 0 0 0 0 0 0 0 0 0 0 0 0
E id=1527 cfg=22 nodes= 1657 1659 1658 1660 0 0 0 0 0 0 0 0 0 0 0 0 0 0 0 0
E id=1528 cfg=22 nodes= 1635 1633 1636 1634 0 0 0 0 0 0 0 0 0 0 0 0 0 0 0 0
E id=1529 cfg=55 nodes= 1668 245 577 590 1488 0 0 0 0 0 0 0 0 0 0 0 0 0 0 0
E id=1530 cfg=55 nodes= 96 342 0 0 0 0 0 0 0 0 0 0 0 0 0 0 0 0 0 0
E id=1531 cfg=55 nodes= 90 1535 0 0 0 0 0 0 0 0 0 0 0 0 0 0 0 0 0 0
E id=1532 cfg=55 nodes= 846 1304 0 0 0 0 0 0 0 0 0 0 0 0 0 0 0 0 0 0
E id=1533 cfg=55 nodes= 173 1305 0 0 0 0 0 0 0 0 0 0 0 0 0 0 0 0 0 0
E id=1534 cfg=55 nodes= 1388 942 0 0 0 0 0 0 0 0 0 0 0 0 0 0 0 0 0 0
E id=1535 cfg=55 nodes= 1384 967 0 0 0 0 0 0 0 0 0 0 0 0 0 0 0 0 0 0
E id=1536 cfg=55 nodes= 139 1538 0 0 0 0 0 0 0 0 0 0 0 0 0 0 0 0 0 0
E id=1537 cfg=55 nodes= 148 1566 0 0 0 0 0 0 0 0 0 0 0 0 0 0 0 0 0 0
E id=1538 cfg=55 nodes= 1568 1548 0 0 0 0 0 0 0 0 0 0 0 0 0 0 0 0 0 0
E id=1539 cfg=55 nodes= 275 542 0 0 0 0 0 0 0 0 0 0 0 0 0 0 0 0 0 0
E id=1540 cfg=55 nodes= 253 1473 0 0 0 0 0 0 0 0 0 0 0 0 0 0 0 0 0 0
E id=1541 cfg=55 nodes= 280 578 0 0 0 0 0 0 0 0 0 0 0 0 0 0 0 0 0 0
E id=1542 cfg=55 nodes= 1355 1085 0 0 0 0 0 0 0 0 0 0 0 0 0 0 0 0 0 0
E id=1543 cfg=55 nodes= 1358 1113 0 0 0 0 0 0 0 0 0 0 0 0 0 0 0 0 0 0
E id=1544 cfg=55 nodes= 1147 1357 0 0 0 0 0 0 0 0 0 0 0 0 0 0 0 0 0 0
E id=1545 cfg=55 nodes= 813 1377 0 0 0 0 0 0 0 0 0 0 0 0 0 0 0 0 0 0
E id=1546 cfg=55 nodes= 1138 1362 0 0 0 0 0 0 0 0 0 0 0 0 0 0 0 0 0 0
E id=1547 cfg=55 nodes= 957 941 0 0 0 0 0 0 0 0 0 0 0 0 0 0 0 0 0 0
E id=1548 cfg=55 nodes= 522 1154 0 0 0 0 0 0 0 0 0 0 0 0 0 0 0 0 0 0
E id=1549 cfg=55 nodes= 495 112 0 0 0 0 0 0 0 0 0 0 0 0 0 0 0 0 0 0
E id=1550 cfg=55 nodes= 1632 184 188 1580 1581 1631 0 0 0 0 0 0 0 0 0 0 0 0 0 0
E id=1551 cfg=55 nodes= 1629 1185 1187 1189 1190 1630 0 0 0 0 0 0 0 0 0 0 0 0 0 0
E id=1552 cfg=55 nodes= 1633 766 1179 1181 1182 1634 0 0 0 0 0 0 0 0 0 0 0 0 0 0
E id=1553 cfg=55 nodes= 1636 843 1416 1592 1593 1635 0 0 0 0 0 0 0 0 0 0 0 0 0 0
E id=1554 cfg=55 nodes= 1649 27 31 1612 1611 1652 0 0 0 0 0 0 0 0 0 0 0 0 0 0
E id=1555 cfg=55 nodes= 1653 482 483 480 481 1656 0 0 0 0 0 0 0 0 0 0 0 0 0 0
E id=1556 cfg=55 nodes= 1657 488 492 493 491 1658 0 0 0 0 0 0 0 0 0 0 0 0 0 0
E id=1557 cfg=55 nodes= 1660 104 109 1613 1614 1659 0 0 0 0 0 0 0 0 0 0 0 0 0 0
E id=1558 cfg=55 nodes= 1666 776 1097 1116 1387 0 0 0 0 0 0 0 0 0 0 0 0 0 0 0
E id=1559 cfg=55 nodes= 1665 1226 1231 1235 1237 0 0 0 0 0 0 0 0 0 0 0 0 0 0 0
E id=1560 cfg=55 nodes= 1667 425 426 427 431 0 0 0 0 0 0 0 0 0 0 0 0 0 0 0
