read: 1
count=1562
E 1 cfg=103 nodes= 478 475 401 0 0 0 0 0 0 0 0 0
E 2 cfg=103 nodes= 1188 1258 723 0 0 0 0 0 0 0 0 0
E 11 cfg=104 nodes= 469 405 404 471 0 0 0 0 0 0 0 0
E 12 cfg=104 nodes= 470 406 405 469 0 0 0 0 0 0 0 0
E 13 cfg=104 nodes= 465 407 406 470 0 0 0 0 0 0 0 0
E 14 cfg=104 nodes= 468 408 407 465 0 0 0 0 0 0 0 0
E 15 cfg=104 nodes= 466 409 408 468 0 0 0 0 0 0 0 0
E 16 cfg=104 nodes= 467 410 409 466 0 0 0 0 0 0 0 0
E 17 cfg=104 nodes= 458 411 410 467 0 0 0 0 0 0 0 0
E 18 cfg=104 nodes= 464 412 411 458 0 0 0 0 0 0 0 0
E 19 cfg=104 nodes= 462 413 412 464 0 0 0 0 0 0 0 0
E 20 cfg=104 nodes= 463 414 413 462 0 0 0 0 0 0 0 0
E 21 cfg=104 nodes= 459 415 414 463 0 0 0 0 0 0 0 0
E 22 cfg=104 nodes= 461 416 415 459 0 0 0 0 0 0 0 0
E 23 cfg=104 nodes= 460 417 416 461 0 0 0 0 0 0 0 0
E 24 cfg=104 nodes= 443 418 417 460 0 0 0 0 0 0 0 0
E 25 cfg=104 nodes= 457 419 418 443 0 0 0 0 0 0 0 0
E 26 cfg=104 nodes= 455 420 419 457 0 0 0 0 0 0 0 0
E 27 cfg=104 nodes= 456 421 420 455 0 0 0 0 0 0 0 0
E 28 cfg=104 nodes= 451 422 421 456 0 0 0 0 0 0 0 0
E 29 cfg=104 nodes= 444 423 448 450 0 0 0 0 0 0 0 0
E 30 cfg=104 nodes= 453 424 423 444 0 0 0 0 0 0 0 0
E 31 cfg=104 nodes= 423 425 449 448 0 0 0 0 0 0 0 0
E 32 cfg=104 nodes= 425 426 445 449 0 0 0 0 0 0 0 0
E 33 cfg=104 nodes= 452 428 424 453 0 0 0 0 0 0 0 0
E 34 cfg=104 nodes= 424 427 425 423 0 0 0 0 0 0 0 0
E 35 cfg=104 nodes= 426 429 447 445 0 0 0 0 0 0 0 0
E 36 cfg=104 nodes= 1201 1202 745 1245 0 0 0 0 0 0 0 0
E 37 cfg=104 nodes= 428 452 454 430 0 0 0 0 0 0 0 0
E 38 cfg=104 nodes= 428 432 427 424 0 0 0 0 0 0 0 0
E 39 cfg=104 nodes= 430 454 451 456 0 0 0 0 0 0 0 0
E 40 cfg=104 nodes= 447 429 433 446 0 0 0 0 0 0 0 0
E 41 cfg=104 nodes= 431 434 429 426 0 0 0 0 0 0 0 0
E 42 cfg=104 nodes= 432 428 430 435 0 0 0 0 0 0 0 0
E 43 cfg=104 nodes= 432 436 431 427 0 0 0 0 0 0 0 0
E 44 cfg=104 nodes= 429 434 437 433 0 0 0 0 0 0 0 0
E 45 cfg=104 nodes= 435 430 456 455 0 0 0 0 0 0 0 0
E 46 cfg=104 nodes= 436 438 434 431 0 0 0 0 0 0 0 0
E 47 cfg=104 nodes= 440 437 434 438 0 0 0 0 0 0 0 0
E 48 cfg=104 nodes= 439 435 455 457 0 0 0 0 0 0 0 0
E 49 cfg=104 nodes= 441 439 457 443 0 0 0 0 0 0 0 0
E 50 cfg=104 nodes= 440 495 373 437 0 0 0 0 0 0 0 0
E 51 cfg=104 nodes= 443 460 497 441 0 0 0 0 0 0 0 0
E 52 cfg=104 nodes= 495 440 497 496 0 0 0 0 0 0 0 0
E 53 cfg=104 nodes= 495 487 375 373 0 0 0 0 0 0 0 0
E 54 cfg=104 nodes= 460 461 496 497 0 0 0 0 0 0 0 0
E 55 cfg=104 nodes= 378 375 487 492 0 0 0 0 0 0 0 0
E 56 cfg=104 nodes= 461 459 494 496 0 0 0 0 0 0 0 0
E 57 cfg=104 nodes= 402 378 492 488 0 0 0 0 0 0 0 0
E 58 cfg=104 nodes= 493 494 459 463 0 0 0 0 0 0 0 0
E 59 cfg=104 nodes= 374 402 488 489 0 0 0 0 0 0 0 0
E 60 cfg=104 nodes= 491 493 463 462 0 0 0 0 0 0 0 0
E 61 cfg=104 nodes= 489 488 491 490 0 0 0 0 0 0 0 0
E 62 cfg=104 nodes= 376 374 489 472 0 0 0 0 0 0 0 0
E 63 cfg=104 nodes= 490 491 462 464 0 0 0 0 0 0 0 0
E 64 cfg=104 nodes= 377 376 472 484 0 0 0 0 0 0 0 0
E 65 cfg=104 nodes= 486 490 464 458 0 0 0 0 0 0 0 0
E 66 cfg=104 nodes= 394 377 484 480 0 0 0 0 0 0 0 0
E 67 cfg=104 nodes= 485 486 458 467 0 0 0 0 0 0 0 0
E 68 cfg=104 nodes= 391 394 480 481 0 0 0 0 0 0 0 0
E 69 cfg=104 nodes= 480 484 485 483 0 0 0 0 0 0 0 0
E 70 cfg=104 nodes= 483 485 467 466 0 0 0 0 0 0 0 0
E 71 cfg=104 nodes= 389 391 481 473 0 0 0 0 0 0 0 0
E 72 cfg=104 nodes= 473 479 557 389 0 0 0 0 0 0 0 0
E 73 cfg=104 nodes= 482 483 466 468 0 0 0 0 0 0 0 0
E 74 cfg=104 nodes= 478 401 557 479 0 0 0 0 0 0 0 0
E 75 cfg=104 nodes= 477 482 468 465 0 0 0 0 0 0 0 0
E 76 cfg=104 nodes= 474 476 478 479 0 0 0 0 0 0 0 0
E 77 cfg=104 nodes= 474 477 465 470 0 0 0 0 0 0 0 0
E 78 cfg=104 nodes= 475 478 476 442 0 0 0 0 0 0 0 0
E 79 cfg=104 nodes= 476 474 470 469 0 0 0 0 0 0 0 0
E 80 cfg=104 nodes= 442 476 469 471 0 0 0 0 0 0 0 0
E 81 cfg=104 nodes= 828 1202 1201 1193 0 0 0 0 0 0 0 0
E 82 cfg=104 nodes= 1193 1201 734 1194 0 0 0 0 0 0 0 0
E 83 cfg=104 nodes= 723 828 1193 1188 0 0 0 0 0 0 0 0
E 84 cfg=104 nodes= 1194 734 1199 1192 0 0 0 0 0 0 0 0
E 85 cfg=104 nodes= 826 1188 1193 1194 0 0 0 0 0 0 0 0
E 86 cfg=104 nodes= 1192 1199 1195 1185 0 0 0 0 0 0 0 0
E 87 cfg=104 nodes= 1188 826 1130 1258 0 0 0 0 0 0 0 0
E 88 cfg=104 nodes= 1185 1195 1198 1187 0 0 0 0 0 0 0 0
E 89 cfg=104 nodes= 1191 1273 1130 826 0 0 0 0 0 0 0 0
E 90 cfg=104 nodes= 492 487 494 493 0 0 0 0 0 0 0 0
E 91 cfg=104 nodes= 1273 1191 1190 1266 0 0 0 0 0 0 0 0
E 92 cfg=104 nodes= 1187 1198 1196 1186 0 0 0 0 0 0 0 0
E 93 cfg=104 nodes= 1189 1187 1186 1184 0 0 0 0 0 0 0 0
E 94 cfg=104 nodes= 1266 1190 1189 1260 0 0 0 0 0 0 0 0
E 95 cfg=104 nodes= 1186 1196 1206 751 0 0 0 0 0 0 0 0
E 96 cfg=104 nodes= 1260 1189 1184 1276 0 0 0 0 0 0 0 0
E 97 cfg=104 nodes= 751 1206 737 1180 0 0 0 0 0 0 0 0
E 98 cfg=104 nodes= 1276 1184 765 1278 0 0 0 0 0 0 0 0
E 99 cfg=104 nodes= 1180 737 1197 1182 0 0 0 0 0 0 0 0
E 100 cfg=104 nodes= 1278 765 1183 1280 0 0 0 0 0 0 0 0
E 101 cfg=104 nodes= 1183 1180 1182 766 0 0 0 0 0 0 0 0
E 102 cfg=104 nodes= 1182 1197 1200 1181 0 0 0 0 0 0 0 0
E 103 cfg=104 nodes= 1280 1183 766 1257 0 0 0 0 0 0 0 0
E 104 cfg=104 nodes= 1181 1200 1207 1177 0 0 0 0 0 0 0 0
E 105 cfg=104 nodes= 1257 766 1179 1277 0 0 0 0 0 0 0 0
E 106 cfg=104 nodes= 1204 1173 1177 1207 0 0 0 0 0 0 0 0
E 107 cfg=104 nodes= 1277 1179 733 763 0 0 0 0 0 0 0 0
E 108 cfg=104 nodes= 1203 825 1173 1204 0 0 0 0 0 0 0 0
E 109 cfg=104 nodes= 1178 1279 763 733 0 0 0 0 0 0 0 0
E 110 cfg=104 nodes= 1178 1173 825 1224 0 0 0 0 0 0 0 0
E 111 cfg=104 nodes= 1221 1238 825 1203 0 0 0 0 0 0 0 0
E 112 cfg=104 nodes= 1224 1222 1279 1178 0 0 0 0 0 0 0 0
E 113 cfg=104 nodes= 1238 1221 827 1211 0 0 0 0 0 0 0 0
E 114 cfg=104 nodes= 1220 1232 1229 1211 0 0 0 0 0 0 0 0
E 115 cfg=104 nodes= 1211 827 1205 1229 0 0 0 0 0 0 0 0
E 116 cfg=104 nodes= 1224 1227 1223 1222 0 0 0 0 0 0 0 0
E 117 cfg=104 nodes= 1220 1231 1223 1227 0 0 0 0 0 0 0 0
E 118 cfg=104 nodes= 1229 1205 1209 1225 0 0 0 0 0 0 0 0
E 119 cfg=104 nodes= 1234 1228 1222 1223 0 0 0 0 0 0 0 0
E 120 cfg=104 nodes= 1232 1226 1231 1220 0 0 0 0 0 0 0 0
E 121 cfg=104 nodes= 1232 1229 1225 1233 0 0 0 0 0 0 0 0
E 122 cfg=104 nodes= 1231 1235 1234 1223 0 0 0 0 0 0 0 0
E 123 cfg=104 nodes= 1215 1218 1228 1234 0 0 0 0 0 0 0 0
E 124 cfg=104 nodes= 1225 1209 1212 1208 0 0 0 0 0 0 0 0
E 125 cfg=104 nodes= 1233 1230 1226 1232 0 0 0 0 0 0 0 0
E 126 cfg=104 nodes= 1233 1225 1208 1213 0 0 0 0 0 0 0 0
E 127 cfg=104 nodes= 1235 1217 1215 1234 0 0 0 0 0 0 0 0
E 128 cfg=104 nodes= 1230 1236 1237 1226 0 0 0 0 0 0 0 0
E 129 cfg=104 nodes= 1213 1210 1230 1233 0 0 0 0 0 0 0 0
E 130 cfg=104 nodes= 1237 1216 1217 1235 0 0 0 0 0 0 0 0
E 131 cfg=104 nodes= 1236 748 1216 1237 0 0 0 0 0 0 0 0
E 132 cfg=104 nodes= 1210 1219 1236 1230 0 0 0 0 0 0 0 0
E 133 cfg=104 nodes= 1219 1214 748 1236 0 0 0 0 0 0 0 0
E 134 cfg=104 nodes= 1212 1209 1240 1239 0 0 0 0 0 0 0 0
E 135 cfg=104 nodes= 1209 1205 728 1240 0 0 0 0 0 0 0 0
E 136 cfg=104 nodes= 1205 827 1242 728 0 0 0 0 0 0 0 0
E 137 cfg=104 nodes= 827 1221 829 1242 0 0 0 0 0 0 0 0
E 138 cfg=104 nodes= 1221 1203 1241 829 0 0 0 0 0 0 0 0
E 139 cfg=104 nodes= 1203 1204 764 1241 0 0 0 0 0 0 0 0
E 140 cfg=104 nodes= 1204 1207 1243 764 0 0 0 0 0 0 0 0
E 141 cfg=104 nodes= 1207 1200 1244 1243 0 0 0 0 0 0 0 0
E 142 cfg=104 nodes= 1200 1197 1249 1244 0 0 0 0 0 0 0 0
E 143 cfg=104 nodes= 1197 737 1252 1249 0 0 0 0 0 0 0 0
E 144 cfg=104 nodes= 737 1206 1250 1252 0 0 0 0 0 0 0 0
E 145 cfg=104 nodes= 1206 1196 1251 1250 0 0 0 0 0 0 0 0
E 146 cfg=104 nodes= 1196 1198 1253 1251 0 0 0 0 0 0 0 0
E 147 cfg=104 nodes= 1198 1195 1247 1253 0 0 0 0 0 0 0 0
E 148 cfg=104 nodes= 1195 1199 1248 1247 0 0 0 0 0 0 0 0
E 149 cfg=104 nodes= 1199 734 1246 1248 0 0 0 0 0 0 0 0
E 150 cfg=104 nodes= 734 1201 1245 1246 0 0 0 0 0 0 0 0
E 151 cfg=104 nodes= 733 1178 1173 1177 0 0 0 0 0 0 0 0
E 152 cfg=104 nodes= 1181 1177 733 1179 0 0 0 0 0 0 0 0
E 153 cfg=104 nodes= 1180 1183 765 751 0 0 0 0 0 0 0 0
E 154 cfg=104 nodes= 1184 765 751 1186 0 0 0 0 0 0 0 0
E 155 cfg=104 nodes= 1191 1190 1185 1192 0 0 0 0 0 0 0 0
E 156 cfg=104 nodes= 826 1191 1192 1194 0 0 0 0 0 0 0 0
E 157 cfg=104 nodes= 494 496 495 487 0 0 0 0 0 0 0 0
E 158 cfg=104 nodes= 432 435 439 436 0 0 0 0 0 0 0 0
E 159 cfg=104 nodes= 490 489 472 486 0 0 0 0 0 0 0 0
E 160 cfg=104 nodes= 484 472 486 485 0 0 0 0 0 0 0 0
E 161 cfg=104 nodes= 481 482 477 473 0 0 0 0 0 0 0 0
E 162 cfg=104 nodes= 479 473 477 474 0 0 0 0 0 0 0 0
E 163 cfg=104 nodes= 1419 1595 1592 843 0 0 0 0 0 0 0 0
E 164 cfg=104 nodes= 184 1580 1582 191 0 0 0 0 0 0 0 0
E 165 cfg=104 nodes= 182 188 1581 1583 0 0 0 0 0 0 0 0
E 166 cfg=104 nodes= 1581 1580 1591 1590 0 0 0 0 0 0 0 0
E 167 cfg=104 nodes= 1580 1591 1589 1582 0 0 0 0 0 0 0 0
E 168 cfg=104 nodes= 1583 1581 1590 1588 0 0 0 0 0 0 0 0
E 169 cfg=104 nodes= 1595 1599 1596 1592 0 0 0 0 0 0 0 0
E 170 cfg=104 nodes= 1592 1593 1597 1596 0 0 0 0 0 0 0 0
E 171 cfg=104 nodes= 1593 1597 1598 1594 0 0 0 0 0 0 0 0
E 172 cfg=104 nodes= 1416 1593 1594 1417 0 0 0 0 0 0 0 0
E 173 cfg=104 nodes= 105 104 1613 1621 0 0 0 0 0 0 0 0
E 174 cfg=104 nodes= 27 34 1610 1612 0 0 0 0 0 0 0 0
E 175 cfg=104 nodes= 25 1608 1611 31 0 0 0 0 0 0 0 0
E 176 cfg=104 nodes= 1611 1618 1619 1612 0 0 0 0 0 0 0 0
E 177 cfg=104 nodes= 1612 1610 1617 1619 0 0 0 0 0 0 0 0
E 178 cfg=104 nodes= 1608 1616 1618 1611 0 0 0 0 0 0 0 0
E 179 cfg=104 nodes= 1621 1613 1622 1625 0 0 0 0 0 0 0 0
E 180 cfg=104 nodes= 1613 1622 1623 1614 0 0 0 0 0 0 0 0
E 181 cfg=104 nodes= 1614 1620 1624 1623 0 0 0 0 0 0 0 0
E 182 cfg=104 nodes= 109 108 1620 1614 0 0 0 0 0 0 0 0
E 3 cfg=103 nodes= 178 195 165 0 0 0 0 0 0 0 0 0
E 4 cfg=103 nodes= 208 1390 1385 0 0 0 0 0 0 0 0 0
E 5 cfg=103 nodes= 222 1409 1413 0 0 0 0 0 0 0 0 0
E 6 cfg=103 nodes= 172 849 846 0 0 0 0 0 0 0 0 0
E 7 cfg=103 nodes= 15 96 99 0 0 0 0 0 0 0 0 0
E 8 cfg=103 nodes= 65 111 119 0 0 0 0 0 0 0 0 0
E 9 cfg=103 nodes= 51 147 142 0 0 0 0 0 0 0 0 0
E 10 cfg=103 nodes= 21 8 38 0 0 0 0 0 0 0 0 0
E 183 cfg=104 nodes= 82 19 59 76 0 0 0 0 0 0 0 0
E 184 cfg=104 nodes= 76 59 39 81 0 0 0 0 0 0 0 0
E 185 cfg=104 nodes= 40 49 133 136 0 0 0 0 0 0 0 0
E 186 cfg=104 nodes= 81 39 84 78 0 0 0 0 0 0 0 0
E 187 cfg=104 nodes= 78 84 63 64 0 0 0 0 0 0 0 0
E 188 cfg=104 nodes= 1391 135 138 855 0 0 0 0 0 0 0 0
E 189 cfg=104 nodes= 216 196 185 217 0 0 0 0 0 0 0 0
E 190 cfg=104 nodes= 176 216 217 242 0 0 0 0 0 0 0 0
E 191 cfg=104 nodes= 160 176 242 232 0 0 0 0 0 0 0 0
E 192 cfg=104 nodes= 235 200 179 221 0 0 0 0 0 0 0 0
E 193 cfg=104 nodes= 238 193 200 235 0 0 0 0 0 0 0 0
E 194 cfg=104 nodes= 233 237 193 238 0 0 0 0 0 0 0 0
E 195 cfg=104 nodes= 239 234 237 233 0 0 0 0 0 0 0 0
E 196 cfg=104 nodes= 164 228 234 239 0 0 0 0 0 0 0 0
E 197 cfg=104 nodes= 173 190 183 1398 0 0 0 0 0 0 0 0
E 198 cfg=104 nodes= 214 181 190 173 0 0 0 0 0 0 0 0
E 199 cfg=104 nodes= 218 192 181 214 0 0 0 0 0 0 0 0
E 200 cfg=104 nodes= 845 194 192 218 0 0 0 0 0 0 0 0
E 201 cfg=104 nodes= 157 189 194 845 0 0 0 0 0 0 0 0
E 202 cfg=104 nodes= 846 195 189 157 0 0 0 0 0 0 0 0
E 203 cfg=104 nodes= 849 165 195 846 0 0 0 0 0 0 0 0
E 204 cfg=104 nodes= 155 201 165 849 0 0 0 0 0 0 0 0
E 205 cfg=104 nodes= 156 167 201 155 0 0 0 0 0 0 0 0
E 206 cfg=104 nodes= 847 187 167 156 0 0 0 0 0 0 0 0
E 207 cfg=104 nodes= 243 236 187 847 0 0 0 0 0 0 0 0
E 208 cfg=104 nodes= 848 166 236 243 0 0 0 0 0 0 0 0
E 209 cfg=104 nodes= 90 91 166 848 0 0 0 0 0 0 0 0
E 210 cfg=104 nodes= 179 180 220 221 0 0 0 0 0 0 0 0
E 211 cfg=104 nodes= 150 220 180 199 0 0 0 0 0 0 0 0
E 212 cfg=104 nodes= 92 150 199 93 0 0 0 0 0 0 0 0
E 213 cfg=104 nodes= 171 169 179 221 0 0 0 0 0 0 0 0
E 214 cfg=104 nodes= 175 168 169 171 0 0 0 0 0 0 0 0
E 215 cfg=104 nodes= 172 178 168 175 0 0 0 0 0 0 0 0
E 216 cfg=104 nodes= 174 177 178 172 0 0 0 0 0 0 0 0
E 217 cfg=104 nodes= 170 191 177 174 0 0 0 0 0 0 0 0
E 218 cfg=104 nodes= 219 184 191 170 0 0 0 0 0 0 0 0
E 219 cfg=104 nodes= 213 188 184 219 0 0 0 0 0 0 0 0
E 220 cfg=104 nodes= 212 182 188 213 0 0 0 0 0 0 0 0
E 221 cfg=104 nodes= 1397 186 182 212 0 0 0 0 0 0 0 0
E 222 cfg=104 nodes= 166 91 93 199 0 0 0 0 0 0 0 0
E 223 cfg=104 nodes= 236 166 199 180 0 0 0 0 0 0 0 0
E 224 cfg=104 nodes= 187 236 180 179 0 0 0 0 0 0 0 0
E 225 cfg=104 nodes= 167 187 179 169 0 0 0 0 0 0 0 0
E 226 cfg=104 nodes= 168 178 165 201 0 0 0 0 0 0 0 0
E 227 cfg=104 nodes= 168 201 167 169 0 0 0 0 0 0 0 0
E 228 cfg=104 nodes= 189 195 178 177 0 0 0 0 0 0 0 0
E 229 cfg=104 nodes= 194 189 177 191 0 0 0 0 0 0 0 0
E 230 cfg=104 nodes= 192 194 191 184 0 0 0 0 0 0 0 0
E 231 cfg=104 nodes= 181 192 184 188 0 0 0 0 0 0 0 0
E 232 cfg=104 nodes= 190 181 188 182 0 0 0 0 0 0 0 0
E 233 cfg=104 nodes= 183 190 182 186 0 0 0 0 0 0 0 0
E 234 cfg=104 nodes= 220 150 848 243 0 0 0 0 0 0 0 0
E 235 cfg=104 nodes= 221 220 243 847 0 0 0 0 0 0 0 0
E 236 cfg=104 nodes= 221 847 156 171 0 0 0 0 0 0 0 0
E 237 cfg=104 nodes= 175 171 156 155 0 0 0 0 0 0 0 0
E 238 cfg=104 nodes= 172 175 155 849 0 0 0 0 0 0 0 0
E 239 cfg=104 nodes= 197 206 207 198 0 0 0 0 0 0 0 0
E 240 cfg=104 nodes= 202 204 198 207 0 0 0 0 0 0 0 0
E 241 cfg=104 nodes= 164 239 176 160 0 0 0 0 0 0 0 0
E 242 cfg=104 nodes= 202 203 205 204 0 0 0 0 0 0 0 0
E 243 cfg=104 nodes= 203 1386 211 205 0 0 0 0 0 0 0 0
E 244 cfg=104 nodes= 240 180 179 200 0 0 0 0 0 0 0 0
E 245 cfg=104 nodes= 210 211 1386 1388 0 0 0 0 0 0 0 0
E 246 cfg=104 nodes= 185 240 200 193 0 0 0 0 0 0 0 0
E 247 cfg=104 nodes= 208 210 1388 1390 0 0 0 0 0 0 0 0
E 248 cfg=104 nodes= 217 185 193 237 0 0 0 0 0 0 0 0
E 249 cfg=104 nodes= 208 1385 1392 209 0 0 0 0 0 0 0 0
E 250 cfg=104 nodes= 242 217 237 234 0 0 0 0 0 0 0 0
E 251 cfg=104 nodes= 209 1392 1393 215 0 0 0 0 0 0 0 0
E 252 cfg=104 nodes= 232 242 234 228 0 0 0 0 0 0 0 0
E 253 cfg=104 nodes= 158 215 1393 1384 0 0 0 0 0 0 0 0
E 254 cfg=104 nodes= 158 1384 1389 159 0 0 0 0 0 0 0 0
E 255 cfg=104 nodes= 241 220 180 240 0 0 0 0 0 0 0 0
E 256 cfg=104 nodes= 159 1389 1391 855 0 0 0 0 0 0 0 0
E 257 cfg=104 nodes= 196 241 240 185 0 0 0 0 0 0 0 0
E 258 cfg=104 nodes= 183 186 850 1421 0 0 0 0 0 0 0 0
E 259 cfg=104 nodes= 1421 850 1417 1418 0 0 0 0 0 0 0 0
E 260 cfg=104 nodes= 1418 1417 1416 851 0 0 0 0 0 0 0 0
E 261 cfg=104 nodes= 851 1416 843 1414 0 0 0 0 0 0 0 0
E 262 cfg=104 nodes= 1414 843 1419 1415 0 0 0 0 0 0 0 0
E 263 cfg=104 nodes= 1415 1419 223 842 0 0 0 0 0 0 0 0
E 264 cfg=104 nodes= 842 223 222 1413 0 0 0 0 0 0 0 0
E 265 cfg=104 nodes= 224 225 844 1408 0 0 0 0 0 0 0 0
E 266 cfg=104 nodes= 224 1408 1409 222 0 0 0 0 0 0 0 0
E 267 cfg=104 nodes= 844 225 227 1420 0 0 0 0 0 0 0 0
E 268 cfg=104 nodes= 1420 227 226 1404 0 0 0 0 0 0 0 0
E 269 cfg=104 nodes= 1404 226 852 1407 0 0 0 0 0 0 0 0
E 270 cfg=104 nodes= 1407 852 137 134 0 0 0 0 0 0 0 0
E 271 cfg=104 nodes= 1397 197 850 186 0 0 0 0 0 0 0 0
E 272 cfg=104 nodes= 197 198 1417 850 0 0 0 0 0 0 0 0
E 273 cfg=104 nodes= 198 204 1416 1417 0 0 0 0 0 0 0 0
E 274 cfg=104 nodes= 204 205 843 1416 0 0 0 0 0 0 0 0
E 275 cfg=104 nodes= 205 211 1419 843 0 0 0 0 0 0 0 0
E 276 cfg=104 nodes= 211 210 223 1419 0 0 0 0 0 0 0 0
E 277 cfg=104 nodes= 210 208 222 223 0 0 0 0 0 0 0 0
E 278 cfg=104 nodes= 122 1 2 132 0 0 0 0 0 0 0 0
E 279 cfg=104 nodes= 123 122 132 5 0 0 0 0 0 0 0 0
E 280 cfg=104 nodes= 129 123 5 6 0 0 0 0 0 0 0 0
E 281 cfg=104 nodes= 128 129 6 72 0 0 0 0 0 0 0 0
E 282 cfg=104 nodes= 126 128 72 73 0 0 0 0 0 0 0 0
E 283 cfg=104 nodes= 7 126 73 3 0 0 0 0 0 0 0 0
E 284 cfg=104 nodes= 127 69 70 115 0 0 0 0 0 0 0 0
E 285 cfg=104 nodes= 74 127 115 114 0 0 0 0 0 0 0 0
E 286 cfg=104 nodes= 4 74 114 124 0 0 0 0 0 0 0 0
E 287 cfg=104 nodes= 131 4 124 125 0 0 0 0 0 0 0 0
E 288 cfg=104 nodes= 130 131 125 117 0 0 0 0 0 0 0 0
E 289 cfg=104 nodes= 75 130 117 71 0 0 0 0 0 0 0 0
E 290 cfg=104 nodes= 132 2 69 127 0 0 0 0 0 0 0 0
E 291 cfg=104 nodes= 5 132 127 74 0 0 0 0 0 0 0 0
E 292 cfg=104 nodes= 6 5 74 4 0 0 0 0 0 0 0 0
E 293 cfg=104 nodes= 72 6 4 131 0 0 0 0 0 0 0 0
E 294 cfg=104 nodes= 73 72 131 130 0 0 0 0 0 0 0 0
E 295 cfg=104 nodes= 3 73 130 75 0 0 0 0 0 0 0 0
E 296 cfg=104 nodes= 122 115 70 1 0 0 0 0 0 0 0 0
E 297 cfg=104 nodes= 123 114 115 122 0 0 0 0 0 0 0 0
E 298 cfg=104 nodes= 129 124 114 123 0 0 0 0 0 0 0 0
E 299 cfg=104 nodes= 128 125 124 129 0 0 0 0 0 0 0 0
E 300 cfg=104 nodes= 126 117 125 128 0 0 0 0 0 0 0 0
E 301 cfg=104 nodes= 7 71 117 126 0 0 0 0 0 0 0 0
E 302 cfg=104 nodes= 49 103 26 133 0 0 0 0 0 0 0 0
E 303 cfg=104 nodes= 50 106 103 49 0 0 0 0 0 0 0 0
E 304 cfg=104 nodes= 45 107 106 50 0 0 0 0 0 0 0 0
E 305 cfg=104 nodes= 46 113 107 45 0 0 0 0 0 0 0 0
E 306 cfg=104 nodes= 148 112 113 46 0 0 0 0 0 0 0 0
E 307 cfg=104 nodes= 144 110 112 148 0 0 0 0 0 0 0 0
E 308 cfg=104 nodes= 142 111 110 144 0 0 0 0 0 0 0 0
E 309 cfg=104 nodes= 147 119 111 142 0 0 0 0 0 0 0 0
E 310 cfg=104 nodes= 140 118 119 147 0 0 0 0 0 0 0 0
E 311 cfg=104 nodes= 139 100 118 140 0 0 0 0 0 0 0 0
E 312 cfg=104 nodes= 146 101 100 139 0 0 0 0 0 0 0 0
E 313 cfg=104 nodes= 143 121 101 146 0 0 0 0 0 0 0 0
E 314 cfg=104 nodes= 141 120 121 143 0 0 0 0 0 0 0 0
E 315 cfg=104 nodes= 135 134 120 141 0 0 0 0 0 0 0 0
E 316 cfg=104 nodes= 70 69 2 1 0 0 0 0 0 0 0 0
E 317 cfg=104 nodes= 145 2 69 116 0 0 0 0 0 0 0 0
E 318 cfg=104 nodes= 208 209 224 222 0 0 0 0 0 0 0 0
E 319 cfg=104 nodes= 209 215 225 224 0 0 0 0 0 0 0 0
E 320 cfg=104 nodes= 215 158 227 225 0 0 0 0 0 0 0 0
E 321 cfg=104 nodes= 138 137 852 855 0 0 0 0 0 0 0 0
E 322 cfg=104 nodes= 172 846 157 174 0 0 0 0 0 0 0 0
E 323 cfg=104 nodes= 174 157 845 170 0 0 0 0 0 0 0 0
E 324 cfg=104 nodes= 218 219 170 845 0 0 0 0 0 0 0 0
E 325 cfg=104 nodes= 214 213 219 218 0 0 0 0 0 0 0 0
E 326 cfg=104 nodes= 214 173 212 213 0 0 0 0 0 0 0 0
E 327 cfg=104 nodes= 1397 212 173 1398 0 0 0 0 0 0 0 0
E 328 cfg=104 nodes= 848 150 92 90 0 0 0 0 0 0 0 0
E 329 cfg=104 nodes= 855 852 226 159 0 0 0 0 0 0 0 0
E 330 cfg=104 nodes= 227 158 159 226 0 0 0 0 0 0 0 0
E 331 cfg=104 nodes= 135 1391 1407 134 0 0 0 0 0 0 0 0
E 332 cfg=104 nodes= 1391 1389 1404 1407 0 0 0 0 0 0 0 0
E 333 cfg=104 nodes= 1389 1384 1420 1404 0 0 0 0 0 0 0 0
E 334 cfg=104 nodes= 1384 1393 844 1420 0 0 0 0 0 0 0 0
E 335 cfg=104 nodes= 1393 1392 1408 844 0 0 0 0 0 0 0 0
E 336 cfg=104 nodes= 1392 1385 1409 1408 0 0 0 0 0 0 0 0
E 337 cfg=104 nodes= 1385 1390 1413 1409 0 0 0 0 0 0 0 0
E 338 cfg=104 nodes= 1390 1388 842 1413 0 0 0 0 0 0 0 0
E 339 cfg=104 nodes= 1388 1386 1415 842 0 0 0 0 0 0 0 0
E 340 cfg=104 nodes= 1386 203 1414 1415 0 0 0 0 0 0 0 0
E 341 cfg=104 nodes= 203 202 851 1414 0 0 0 0 0 0 0 0
E 342 cfg=104 nodes= 202 207 1418 851 0 0 0 0 0 0 0 0
E 343 cfg=104 nodes= 207 206 1421 1418 0 0 0 0 0 0 0 0
E 344 cfg=104 nodes= 206 1398 183 1421 0 0 0 0 0 0 0 0
E 345 cfg=104 nodes= 164 1403 1410 228 0 0 0 0 0 0 0 0
E 346 cfg=104 nodes= 1403 1401 853 1410 0 0 0 0 0 0 0 0
E 347 cfg=104 nodes= 1401 1400 1405 853 0 0 0 0 0 0 0 0
E 348 cfg=104 nodes= 1400 1406 1412 1405 0 0 0 0 0 0 0 0
E 349 cfg=104 nodes= 1406 841 1411 1412 0 0 0 0 0 0 0 0
E 350 cfg=104 nodes= 841 158 227 1411 0 0 0 0 0 0 0 0
E 351 cfg=104 nodes= 160 232 730 230 0 0 0 0 0 0 0 0
E 352 cfg=104 nodes= 230 730 1399 229 0 0 0 0 0 0 0 0
E 353 cfg=104 nodes= 229 1399 161 163 0 0 0 0 0 0 0 0
E 354 cfg=104 nodes= 163 161 231 162 0 0 0 0 0 0 0 0
E 355 cfg=104 nodes= 162 231 1402 1395 0 0 0 0 0 0 0 0
E 356 cfg=104 nodes= 1395 1402 226 159 0 0 0 0 0 0 0 0
E 357 cfg=104 nodes= 232 228 1410 730 0 0 0 0 0 0 0 0
E 358 cfg=104 nodes= 730 1410 853 1399 0 0 0 0 0 0 0 0
E 359 cfg=104 nodes= 1399 853 1405 161 0 0 0 0 0 0 0 0
E 360 cfg=104 nodes= 161 1405 1412 231 0 0 0 0 0 0 0 0
E 361 cfg=104 nodes= 231 1412 1411 1402 0 0 0 0 0 0 0 0
E 362 cfg=104 nodes= 1402 1411 227 226 0 0 0 0 0 0 0 0
E 363 cfg=104 nodes= 164 160 230 1403 0 0 0 0 0 0 0 0
E 364 cfg=104 nodes= 1403 230 229 1401 0 0 0 0 0 0 0 0
E 365 cfg=104 nodes= 1401 229 163 1400 0 0 0 0 0 0 0 0
E 366 cfg=104 nodes= 97 90 92 94 0 0 0 0 0 0 0 0
E 367 cfg=104 nodes= 136 133 16 55 0 0 0 0 0 0 0 0
E 368 cfg=104 nodes= 57 56 55 16 0 0 0 0 0 0 0 0
E 369 cfg=104 nodes= 57 61 62 56 0 0 0 0 0 0 0 0
E 370 cfg=104 nodes= 61 98 13 62 0 0 0 0 0 0 0 0
E 371 cfg=104 nodes= 17 13 98 87 0 0 0 0 0 0 0 0
E 372 cfg=104 nodes= 15 17 87 96 0 0 0 0 0 0 0 0
E 373 cfg=104 nodes= 138 145 116 137 0 0 0 0 0 0 0 0
E 374 cfg=104 nodes= 58 68 70 1 0 0 0 0 0 0 0 0
E 375 cfg=104 nodes= 52 67 68 58 0 0 0 0 0 0 0 0
E 376 cfg=104 nodes= 51 65 67 52 0 0 0 0 0 0 0 0
E 377 cfg=104 nodes= 53 66 65 51 0 0 0 0 0 0 0 0
E 378 cfg=104 nodes= 54 105 66 53 0 0 0 0 0 0 0 0
E 379 cfg=104 nodes= 48 104 105 54 0 0 0 0 0 0 0 0
E 380 cfg=104 nodes= 47 109 104 48 0 0 0 0 0 0 0 0
E 381 cfg=104 nodes= 41 108 109 47 0 0 0 0 0 0 0 0
E 382 cfg=104 nodes= 40 102 108 41 0 0 0 0 0 0 0 0
E 383 cfg=104 nodes= 136 29 102 40 0 0 0 0 0 0 0 0
E 384 cfg=104 nodes= 120 134 137 116 0 0 0 0 0 0 0 0
E 385 cfg=104 nodes= 121 120 116 69 0 0 0 0 0 0 0 0
E 386 cfg=104 nodes= 101 121 69 70 0 0 0 0 0 0 0 0
E 387 cfg=104 nodes= 100 101 70 68 0 0 0 0 0 0 0 0
E 388 cfg=104 nodes= 67 65 119 118 0 0 0 0 0 0 0 0
E 389 cfg=104 nodes= 67 118 100 68 0 0 0 0 0 0 0 0
E 390 cfg=104 nodes= 110 111 65 66 0 0 0 0 0 0 0 0
E 391 cfg=104 nodes= 112 110 66 105 0 0 0 0 0 0 0 0
E 392 cfg=104 nodes= 113 112 105 104 0 0 0 0 0 0 0 0
E 393 cfg=104 nodes= 107 113 104 109 0 0 0 0 0 0 0 0
E 394 cfg=104 nodes= 106 107 109 108 0 0 0 0 0 0 0 0
E 395 cfg=104 nodes= 103 106 108 102 0 0 0 0 0 0 0 0
E 396 cfg=104 nodes= 26 103 102 29 0 0 0 0 0 0 0 0
E 397 cfg=104 nodes= 39 28 83 84 0 0 0 0 0 0 0 0
E 398 cfg=104 nodes= 2 145 141 143 0 0 0 0 0 0 0 0
E 399 cfg=104 nodes= 84 83 23 63 0 0 0 0 0 0 0 0
E 400 cfg=104 nodes= 1 2 143 146 0 0 0 0 0 0 0 0
E 401 cfg=104 nodes= 233 238 196 216 0 0 0 0 0 0 0 0
E 402 cfg=104 nodes= 1 146 139 58 0 0 0 0 0 0 0 0
E 403 cfg=104 nodes= 75 71 77 85 0 0 0 0 0 0 0 0
E 404 cfg=104 nodes= 52 58 139 140 0 0 0 0 0 0 0 0
E 405 cfg=104 nodes= 85 77 80 60 0 0 0 0 0 0 0 0
E 406 cfg=104 nodes= 51 52 140 147 0 0 0 0 0 0 0 0
E 407 cfg=104 nodes= 60 80 36 28 0 0 0 0 0 0 0 0
E 408 cfg=104 nodes= 51 142 144 53 0 0 0 0 0 0 0 0
E 409 cfg=104 nodes= 28 36 43 83 0 0 0 0 0 0 0 0
E 410 cfg=104 nodes= 238 235 241 196 0 0 0 0 0 0 0 0
E 411 cfg=104 nodes= 53 144 148 54 0 0 0 0 0 0 0 0
E 412 cfg=104 nodes= 83 43 22 23 0 0 0 0 0 0 0 0
E 413 cfg=104 nodes= 46 48 54 148 0 0 0 0 0 0 0 0
E 414 cfg=104 nodes= 841 1395 159 158 0 0 0 0 0 0 0 0
E 415 cfg=104 nodes= 45 47 48 46 0 0 0 0 0 0 0 0
E 416 cfg=104 nodes= 7 3 19 82 0 0 0 0 0 0 0 0
E 417 cfg=104 nodes= 45 50 41 47 0 0 0 0 0 0 0 0
E 418 cfg=104 nodes= 40 41 50 49 0 0 0 0 0 0 0 0
E 419 cfg=104 nodes= 15 99 89 18 0 0 0 0 0 0 0 0
E 420 cfg=104 nodes= 18 89 88 14 0 0 0 0 0 0 0 0
E 421 cfg=104 nodes= 64 14 88 95 0 0 0 0 0 0 0 0
E 422 cfg=104 nodes= 64 95 86 63 0 0 0 0 0 0 0 0
E 423 cfg=104 nodes= 63 86 97 94 0 0 0 0 0 0 0 0
E 424 cfg=104 nodes= 1400 163 162 1406 0 0 0 0 0 0 0 0
E 425 cfg=104 nodes= 26 29 25 33 0 0 0 0 0 0 0 0
E 426 cfg=104 nodes= 33 25 31 24 0 0 0 0 0 0 0 0
E 427 cfg=104 nodes= 24 31 27 35 0 0 0 0 0 0 0 0
E 428 cfg=104 nodes= 35 27 34 37 0 0 0 0 0 0 0 0
E 429 cfg=104 nodes= 37 34 20 32 0 0 0 0 0 0 0 0
E 430 cfg=104 nodes= 32 20 21 38 0 0 0 0 0 0 0 0
E 431 cfg=104 nodes= 11 12 10 44 0 0 0 0 0 0 0 0
E 432 cfg=104 nodes= 11 44 8 21 0 0 0 0 0 0 0 0
E 433 cfg=104 nodes= 10 12 22 30 0 0 0 0 0 0 0 0
E 434 cfg=104 nodes= 30 22 23 79 0 0 0 0 0 0 0 0
E 435 cfg=104 nodes= 79 23 42 9 0 0 0 0 0 0 0 0
E 436 cfg=104 nodes= 9 42 93 91 0 0 0 0 0 0 0 0
E 437 cfg=104 nodes= 1406 162 1395 841 0 0 0 0 0 0 0 0
E 438 cfg=104 nodes= 136 55 25 29 0 0 0 0 0 0 0 0
E 439 cfg=104 nodes= 55 56 31 25 0 0 0 0 0 0 0 0
E 440 cfg=104 nodes= 56 62 27 31 0 0 0 0 0 0 0 0
E 441 cfg=104 nodes= 62 13 34 27 0 0 0 0 0 0 0 0
E 442 cfg=104 nodes= 13 17 20 34 0 0 0 0 0 0 0 0
E 443 cfg=104 nodes= 17 15 21 20 0 0 0 0 0 0 0 0
E 444 cfg=104 nodes= 15 18 11 21 0 0 0 0 0 0 0 0
E 445 cfg=104 nodes= 18 14 12 11 0 0 0 0 0 0 0 0
E 446 cfg=104 nodes= 14 64 22 12 0 0 0 0 0 0 0 0
E 447 cfg=104 nodes= 92 93 42 94 0 0 0 0 0 0 0 0
E 448 cfg=104 nodes= 94 42 23 63 0 0 0 0 0 0 0 0
E 449 cfg=104 nodes= 22 64 63 23 0 0 0 0 0 0 0 0
E 450 cfg=104 nodes= 90 97 9 91 0 0 0 0 0 0 0 0
E 451 cfg=104 nodes= 97 86 79 9 0 0 0 0 0 0 0 0
E 452 cfg=104 nodes= 86 95 30 79 0 0 0 0 0 0 0 0
E 453 cfg=104 nodes= 95 88 10 30 0 0 0 0 0 0 0 0
E 454 cfg=104 nodes= 88 89 44 10 0 0 0 0 0 0 0 0
E 455 cfg=104 nodes= 89 99 8 44 0 0 0 0 0 0 0 0
E 456 cfg=104 nodes= 99 96 38 8 0 0 0 0 0 0 0 0
E 457 cfg=104 nodes= 96 87 32 38 0 0 0 0 0 0 0 0
E 458 cfg=104 nodes= 87 98 37 32 0 0 0 0 0 0 0 0
E 459 cfg=104 nodes= 98 61 35 37 0 0 0 0 0 0 0 0
E 460 cfg=104 nodes= 61 57 24 35 0 0 0 0 0 0 0 0
E 461 cfg=104 nodes= 57 16 33 24 0 0 0 0 0 0 0 0
E 462 cfg=104 nodes= 16 133 26 33 0 0 0 0 0 0 0 0
E 463 cfg=104 nodes= 197 1397 1398 206 0 0 0 0 0 0 0 0
E 464 cfg=104 nodes= 235 221 220 241 0 0 0 0 0 0 0 0
E 465 cfg=104 nodes= 7 82 77 71 0 0 0 0 0 0 0 0
E 466 cfg=104 nodes= 82 76 80 77 0 0 0 0 0 0 0 0
E 467 cfg=104 nodes= 76 81 36 80 0 0 0 0 0 0 0 0
E 468 cfg=104 nodes= 81 78 43 36 0 0 0 0 0 0 0 0
E 469 cfg=104 nodes= 78 64 22 43 0 0 0 0 0 0 0 0
E 470 cfg=104 nodes= 239 233 216 176 0 0 0 0 0 0 0 0
E 471 cfg=104 nodes= 3 75 85 19 0 0 0 0 0 0 0 0
E 472 cfg=104 nodes= 19 85 60 59 0 0 0 0 0 0 0 0
E 473 cfg=104 nodes= 59 60 28 39 0 0 0 0 0 0 0 0
E 474 cfg=104 nodes= 141 145 138 135 0 0 0 0 0 0 0 0
E 475 cfg=104 nodes= 617 592 590 245 0 0 0 0 0 0 0 0
E 476 cfg=104 nodes= 608 593 592 617 0 0 0 0 0 0 0 0
E 477 cfg=104 nodes= 609 596 593 608 0 0 0 0 0 0 0 0
E 478 cfg=104 nodes= 576 594 596 609 0 0 0 0 0 0 0 0
E 479 cfg=104 nodes= 562 595 594 576 0 0 0 0 0 0 0 0
E 480 cfg=104 nodes= 618 597 595 562 0 0 0 0 0 0 0 0
E 481 cfg=104 nodes= 620 591 597 618 0 0 0 0 0 0 0 0
E 482 cfg=104 nodes= 537 534 535 538 0 0 0 0 0 0 0 0
E 483 cfg=104 nodes= 616 611 398 397 0 0 0 0 0 0 0 0
E 484 cfg=104 nodes= 614 610 611 616 0 0 0 0 0 0 0 0
E 485 cfg=104 nodes= 599 570 612 598 0 0 0 0 0 0 0 0
E 486 cfg=104 nodes= 615 613 610 614 0 0 0 0 0 0 0 0
E 487 cfg=104 nodes= 598 612 613 615 0 0 0 0 0 0 0 0
E 488 cfg=104 nodes= 1491 502 570 599 0 0 0 0 0 0 0 0
E 489 cfg=104 nodes= 561 582 392 393 0 0 0 0 0 0 0 0
E 490 cfg=104 nodes= 573 565 582 561 0 0 0 0 0 0 0 0
E 491 cfg=104 nodes= 572 581 565 573 0 0 0 0 0 0 0 0
E 492 cfg=104 nodes= 560 580 581 572 0 0 0 0 0 0 0 0
E 493 cfg=104 nodes= 571 564 580 560 0 0 0 0 0 0 0 0
E 494 cfg=104 nodes= 559 579 564 571 0 0 0 0 0 0 0 0
E 495 cfg=104 nodes= 589 569 579 559 0 0 0 0 0 0 0 0
E 496 cfg=104 nodes= 538 535 513 516 0 0 0 0 0 0 0 0
E 497 cfg=104 nodes= 618 573 561 620 0 0 0 0 0 0 0 0
E 498 cfg=104 nodes= 562 572 573 618 0 0 0 0 0 0 0 0
E 499 cfg=104 nodes= 576 560 572 562 0 0 0 0 0 0 0 0
E 500 cfg=104 nodes= 609 571 560 576 0 0 0 0 0 0 0 0
E 501 cfg=104 nodes= 608 559 571 609 0 0 0 0 0 0 0 0
E 502 cfg=104 nodes= 617 589 559 608 0 0 0 0 0 0 0 0
E 503 cfg=104 nodes= 245 244 589 617 0 0 0 0 0 0 0 0
E 504 cfg=104 nodes= 1548 543 1489 1541 0 0 0 0 0 0 0 0
E 505 cfg=104 nodes= 543 544 1449 1489 0 0 0 0 0 0 0 0
E 506 cfg=104 nodes= 544 539 1448 1449 0 0 0 0 0 0 0 0
E 507 cfg=104 nodes= 539 542 1450 1448 0 0 0 0 0 0 0 0
E 508 cfg=104 nodes= 542 532 1532 1450 0 0 0 0 0 0 0 0
E 509 cfg=104 nodes= 532 540 1531 1532 0 0 0 0 0 0 0 0
E 510 cfg=104 nodes= 540 541 1447 1531 0 0 0 0 0 0 0 0
E 511 cfg=104 nodes= 541 555 517 1447 0 0 0 0 0 0 0 0
E 512 cfg=104 nodes= 555 1474 518 517 0 0 0 0 0 0 0 0
E 513 cfg=104 nodes= 1474 1508 1446 518 0 0 0 0 0 0 0 0
E 514 cfg=104 nodes= 1508 1509 1529 1446 0 0 0 0 0 0 0 0
E 515 cfg=104 nodes= 1509 1473 1527 1529 0 0 0 0 0 0 0 0
E 516 cfg=104 nodes= 1473 554 513 1527 0 0 0 0 0 0 0 0
E 517 cfg=104 nodes= 554 1498 516 513 0 0 0 0 0 0 0 0
E 518 cfg=104 nodes= 1498 1499 1528 516 0 0 0 0 0 0 0 0
E 519 cfg=104 nodes= 1499 530 1445 1528 0 0 0 0 0 0 0 0
E 520 cfg=104 nodes= 530 529 514 1445 0 0 0 0 0 0 0 0
E 521 cfg=104 nodes= 529 528 515 514 0 0 0 0 0 0 0 0
E 522 cfg=104 nodes= 528 506 1444 515 0 0 0 0 0 0 0 0
E 523 cfg=104 nodes= 506 1488 569 1444 0 0 0 0 0 0 0 0
E 524 cfg=104 nodes= 523 519 1506 1501 0 0 0 0 0 0 0 0
E 525 cfg=104 nodes= 1501 1506 1470 1471 0 0 0 0 0 0 0 0
E 526 cfg=104 nodes= 1471 1470 1502 1507 0 0 0 0 0 0 0 0
E 527 cfg=104 nodes= 1507 1502 1503 1505 0 0 0 0 0 0 0 0
E 528 cfg=104 nodes= 1505 1503 1472 1500 0 0 0 0 0 0 0 0
E 529 cfg=104 nodes= 1500 1472 514 515 0 0 0 0 0 0 0 0
E 530 cfg=104 nodes= 520 507 546 545 0 0 0 0 0 0 0 0
E 531 cfg=104 nodes= 545 546 553 549 0 0 0 0 0 0 0 0
E 532 cfg=104 nodes= 549 553 551 548 0 0 0 0 0 0 0 0
E 533 cfg=104 nodes= 548 551 552 550 0 0 0 0 0 0 0 0
E 534 cfg=104 nodes= 550 552 547 531 0 0 0 0 0 0 0 0
E 535 cfg=104 nodes= 531 547 517 518 0 0 0 0 0 0 0 0
E 536 cfg=104 nodes= 1553 511 1557 512 0 0 0 0 0 0 0 0
E 537 cfg=104 nodes= 512 1557 1556 508 0 0 0 0 0 0 0 0
E 538 cfg=104 nodes= 508 1556 503 1422 0 0 0 0 0 0 0 0
E 539 cfg=104 nodes= 1422 503 1550 498 0 0 0 0 0 0 0 0
E 540 cfg=104 nodes= 498 1550 1541 1489 0 0 0 0 0 0 0 0
E 541 cfg=104 nodes= 524 522 511 1553 0 0 0 0 0 0 0 0
E 542 cfg=104 nodes= 1523 521 526 525 0 0 0 0 0 0 0 0
E 543 cfg=104 nodes= 527 533 500 536 0 0 0 0 0 0 0 0
E 544 cfg=104 nodes= 536 500 534 537 0 0 0 0 0 0 0 0
E 545 cfg=104 nodes= 525 526 533 527 0 0 0 0 0 0 0 0
E 546 cfg=104 nodes= 393 1516 620 561 0 0 0 0 0 0 0 0
E 547 cfg=104 nodes= 1516 1512 591 620 0 0 0 0 0 0 0 0
E 548 cfg=104 nodes= 510 509 390 380 0 0 0 0 0 0 0 0
E 549 cfg=104 nodes= 386 381 379 371 0 0 0 0 0 0 0 0
E 550 cfg=104 nodes= 385 384 381 386 0 0 0 0 0 0 0 0
E 551 cfg=104 nodes= 387 382 384 385 0 0 0 0 0 0 0 0
E 552 cfg=104 nodes= 388 383 382 387 0 0 0 0 0 0 0 0
E 553 cfg=104 nodes= 380 390 383 388 0 0 0 0 0 0 0 0
E 554 cfg=104 nodes= 1431 1435 400 399 0 0 0 0 0 0 0 0
E 555 cfg=104 nodes= 1434 1436 1435 1431 0 0 0 0 0 0 0 0
E 556 cfg=104 nodes= 1433 1437 1436 1434 0 0 0 0 0 0 0 0
E 557 cfg=104 nodes= 1432 1438 1437 1433 0 0 0 0 0 0 0 0
E 558 cfg=104 nodes= 1430 1439 1438 1432 0 0 0 0 0 0 0 0
E 559 cfg=104 nodes= 501 499 1439 1430 0 0 0 0 0 0 0 0
E 560 cfg=104 nodes= 1461 1465 396 395 0 0 0 0 0 0 0 0
E 561 cfg=104 nodes= 1464 1466 1465 1461 0 0 0 0 0 0 0 0
E 562 cfg=104 nodes= 1463 1467 1466 1464 0 0 0 0 0 0 0 0
E 563 cfg=104 nodes= 1462 1468 1467 1463 0 0 0 0 0 0 0 0
E 564 cfg=104 nodes= 1460 1469 1468 1462 0 0 0 0 0 0 0 0
E 565 cfg=104 nodes= 505 504 1469 1460 0 0 0 0 0 0 0 0
E 566 cfg=104 nodes= 603 244 589 1558 0 0 0 0 0 0 0 0
E 567 cfg=104 nodes= 601 603 1558 395 0 0 0 0 0 0 0 0
E 568 cfg=104 nodes= 600 601 395 396 0 0 0 0 0 0 0 0
E 569 cfg=104 nodes= 602 600 396 1555 0 0 0 0 0 0 0 0
E 570 cfg=104 nodes= 1454 602 1555 1554 0 0 0 0 0 0 0 0
E 571 cfg=104 nodes= 1455 1454 1554 397 0 0 0 0 0 0 0 0
E 572 cfg=104 nodes= 1453 1455 397 398 0 0 0 0 0 0 0 0
E 573 cfg=104 nodes= 1456 1453 398 1552 0 0 0 0 0 0 0 0
E 574 cfg=104 nodes= 1457 1456 1552 1551 0 0 0 0 0 0 0 0
E 575 cfg=104 nodes= 1458 1457 1551 1549 0 0 0 0 0 0 0 0
E 576 cfg=104 nodes= 1459 1458 1549 399 0 0 0 0 0 0 0 0
E 577 cfg=104 nodes= 1452 1459 399 400 0 0 0 0 0 0 0 0
E 578 cfg=104 nodes= 1424 1452 400 1547 0 0 0 0 0 0 0 0
E 579 cfg=104 nodes= 1425 1424 1547 1546 0 0 0 0 0 0 0 0
E 580 cfg=104 nodes= 1423 1425 1546 1545 0 0 0 0 0 0 0 0
E 581 cfg=104 nodes= 1426 1423 1545 1542 0 0 0 0 0 0 0 0
E 582 cfg=104 nodes= 1427 1426 1542 1544 0 0 0 0 0 0 0 0
E 583 cfg=104 nodes= 1428 1427 1544 1543 0 0 0 0 0 0 0 0
E 584 cfg=104 nodes= 1429 1428 1543 371 0 0 0 0 0 0 0 0
E 585 cfg=104 nodes= 372 1429 371 379 0 0 0 0 0 0 0 0
E 586 cfg=104 nodes= 244 603 506 1488 0 0 0 0 0 0 0 0
E 587 cfg=104 nodes= 244 589 569 1488 0 0 0 0 0 0 0 0
E 588 cfg=104 nodes= 371 386 498 1489 0 0 0 0 0 0 0 0
E 589 cfg=104 nodes= 371 1543 1449 1489 0 0 0 0 0 0 0 0
E 590 cfg=104 nodes= 372 1429 543 1548 0 0 0 0 0 0 0 0
E 591 cfg=104 nodes= 379 381 1550 1541 0 0 0 0 0 0 0 0
E 592 cfg=104 nodes= 379 372 1548 1541 0 0 0 0 0 0 0 0
E 593 cfg=104 nodes= 380 510 524 1553 0 0 0 0 0 0 0 0
E 594 cfg=104 nodes= 382 384 503 1556 0 0 0 0 0 0 0 0
E 595 cfg=104 nodes= 383 382 1556 1557 0 0 0 0 0 0 0 0
E 596 cfg=104 nodes= 384 381 1550 503 0 0 0 0 0 0 0 0
E 597 cfg=104 nodes= 385 387 508 1422 0 0 0 0 0 0 0 0
E 598 cfg=104 nodes= 386 385 1422 498 0 0 0 0 0 0 0 0
E 599 cfg=104 nodes= 387 388 512 508 0 0 0 0 0 0 0 0
E 600 cfg=104 nodes= 388 380 1553 512 0 0 0 0 0 0 0 0
E 601 cfg=104 nodes= 390 509 522 511 0 0 0 0 0 0 0 0
E 602 cfg=104 nodes= 390 383 1557 511 0 0 0 0 0 0 0 0
E 603 cfg=104 nodes= 1123 1117 1124 1114 0 0 0 0 0 0 0 0
E 604 cfg=104 nodes= 393 1482 1441 392 0 0 0 0 0 0 0 0
E 605 cfg=104 nodes= 395 1461 1500 515 0 0 0 0 0 0 0 0
E 606 cfg=104 nodes= 395 1558 1444 515 0 0 0 0 0 0 0 0
E 607 cfg=104 nodes= 396 1465 1472 514 0 0 0 0 0 0 0 0
E 608 cfg=104 nodes= 396 1555 1445 514 0 0 0 0 0 0 0 0
E 609 cfg=104 nodes= 397 616 538 516 0 0 0 0 0 0 0 0
E 610 cfg=104 nodes= 397 1554 1528 516 0 0 0 0 0 0 0 0
E 611 cfg=104 nodes= 398 611 535 513 0 0 0 0 0 0 0 0
E 612 cfg=104 nodes= 398 1552 1527 513 0 0 0 0 0 0 0 0
E 613 cfg=104 nodes= 399 1431 531 518 0 0 0 0 0 0 0 0
E 614 cfg=104 nodes= 399 1549 1446 518 0 0 0 0 0 0 0 0
E 615 cfg=104 nodes= 400 1435 547 517 0 0 0 0 0 0 0 0
E 616 cfg=104 nodes= 400 1547 1447 517 0 0 0 0 0 0 0 0
E 617 cfg=104 nodes= 499 1439 546 507 0 0 0 0 0 0 0 0
E 618 cfg=104 nodes= 499 1484 1525 507 0 0 0 0 0 0 0 0
E 619 cfg=104 nodes= 501 1430 545 520 0 0 0 0 0 0 0 0
E 620 cfg=104 nodes= 501 1483 1526 520 0 0 0 0 0 0 0 0
E 621 cfg=104 nodes= 502 570 526 521 0 0 0 0 0 0 0 0
E 622 cfg=104 nodes= 502 1517 1522 521 0 0 0 0 0 0 0 0
E 623 cfg=104 nodes= 504 1469 1506 519 0 0 0 0 0 0 0 0
E 624 cfg=104 nodes= 504 1481 1440 519 0 0 0 0 0 0 0 0
E 625 cfg=104 nodes= 505 1460 1501 523 0 0 0 0 0 0 0 0
E 626 cfg=104 nodes= 505 1482 1441 523 0 0 0 0 0 0 0 0
E 627 cfg=104 nodes= 1117 1126 771 1124 0 0 0 0 0 0 0 0
E 628 cfg=104 nodes= 1126 1115 1108 771 0 0 0 0 0 0 0 0
E 629 cfg=104 nodes= 570 612 533 526 0 0 0 0 0 0 0 0
E 630 cfg=104 nodes= 589 1558 1444 569 0 0 0 0 0 0 0 0
E 631 cfg=104 nodes= 598 599 525 527 0 0 0 0 0 0 0 0
E 632 cfg=104 nodes= 599 1491 1523 525 0 0 0 0 0 0 0 0
E 633 cfg=104 nodes= 600 601 528 529 0 0 0 0 0 0 0 0
E 634 cfg=104 nodes= 601 603 506 528 0 0 0 0 0 0 0 0
E 635 cfg=104 nodes= 602 600 529 530 0 0 0 0 0 0 0 0
E 636 cfg=104 nodes= 610 611 535 534 0 0 0 0 0 0 0 0
E 637 cfg=104 nodes= 612 613 500 533 0 0 0 0 0 0 0 0
E 638 cfg=104 nodes= 613 610 534 500 0 0 0 0 0 0 0 0
E 639 cfg=104 nodes= 614 615 536 537 0 0 0 0 0 0 0 0
E 640 cfg=104 nodes= 615 598 527 536 0 0 0 0 0 0 0 0
E 641 cfg=104 nodes= 616 614 537 538 0 0 0 0 0 0 0 0
E 642 cfg=104 nodes= 1423 1425 540 532 0 0 0 0 0 0 0 0
E 643 cfg=104 nodes= 1424 1452 555 541 0 0 0 0 0 0 0 0
E 644 cfg=104 nodes= 1425 1424 541 540 0 0 0 0 0 0 0 0
E 645 cfg=104 nodes= 1426 1423 532 542 0 0 0 0 0 0 0 0
E 646 cfg=104 nodes= 1427 1426 542 539 0 0 0 0 0 0 0 0
E 647 cfg=104 nodes= 1428 1427 539 544 0 0 0 0 0 0 0 0
E 648 cfg=104 nodes= 1429 1428 544 543 0 0 0 0 0 0 0 0
E 649 cfg=104 nodes= 1431 1434 550 531 0 0 0 0 0 0 0 0
E 650 cfg=104 nodes= 1432 1430 545 549 0 0 0 0 0 0 0 0
E 651 cfg=104 nodes= 1433 1432 549 548 0 0 0 0 0 0 0 0
E 652 cfg=104 nodes= 1434 1433 548 550 0 0 0 0 0 0 0 0
E 653 cfg=104 nodes= 1436 1435 547 552 0 0 0 0 0 0 0 0
E 654 cfg=104 nodes= 1437 1436 552 551 0 0 0 0 0 0 0 0
E 655 cfg=104 nodes= 1438 1437 551 553 0 0 0 0 0 0 0 0
E 656 cfg=104 nodes= 1439 1438 553 546 0 0 0 0 0 0 0 0
E 657 cfg=104 nodes= 1452 1459 1474 555 0 0 0 0 0 0 0 0
E 658 cfg=104 nodes= 1453 1455 1498 554 0 0 0 0 0 0 0 0
E 659 cfg=104 nodes= 1454 602 530 1499 0 0 0 0 0 0 0 0
E 660 cfg=104 nodes= 1455 1454 1499 1498 0 0 0 0 0 0 0 0
E 661 cfg=104 nodes= 1456 1453 554 1473 0 0 0 0 0 0 0 0
E 662 cfg=104 nodes= 1457 1456 1473 1509 0 0 0 0 0 0 0 0
E 663 cfg=104 nodes= 1458 1457 1509 1508 0 0 0 0 0 0 0 0
E 664 cfg=104 nodes= 1459 1458 1508 1474 0 0 0 0 0 0 0 0
E 665 cfg=104 nodes= 1461 1464 1505 1500 0 0 0 0 0 0 0 0
E 666 cfg=104 nodes= 1462 1460 1501 1471 0 0 0 0 0 0 0 0
E 667 cfg=104 nodes= 1463 1462 1471 1507 0 0 0 0 0 0 0 0
E 668 cfg=104 nodes= 1464 1463 1507 1505 0 0 0 0 0 0 0 0
E 669 cfg=104 nodes= 1466 1465 1472 1503 0 0 0 0 0 0 0 0
E 670 cfg=104 nodes= 1467 1466 1503 1502 0 0 0 0 0 0 0 0
E 671 cfg=104 nodes= 1468 1467 1502 1470 0 0 0 0 0 0 0 0
E 672 cfg=104 nodes= 1469 1468 1470 1506 0 0 0 0 0 0 0 0
E 673 cfg=104 nodes= 1115 1118 1125 1108 0 0 0 0 0 0 0 0
E 674 cfg=104 nodes= 1118 770 756 1125 0 0 0 0 0 0 0 0
E 675 cfg=104 nodes= 770 1261 1267 756 0 0 0 0 0 0 0 0
E 676 cfg=104 nodes= 1010 1088 821 1171 0 0 0 0 0 0 0 0
E 677 cfg=104 nodes= 1093 1082 1078 1077 0 0 0 0 0 0 0 0
E 678 cfg=104 nodes= 1483 1518 1534 1526 0 0 0 0 0 0 0 0
E 679 cfg=104 nodes= 1485 1520 1533 1442 0 0 0 0 0 0 0 0
E 680 cfg=104 nodes= 1486 510 524 1443 0 0 0 0 0 0 0 0
E 681 cfg=104 nodes= 1486 1485 1442 1443 0 0 0 0 0 0 0 0
E 682 cfg=104 nodes= 1487 1519 1530 1524 0 0 0 0 0 0 0 0
E 683 cfg=104 nodes= 1490 1481 1440 1521 0 0 0 0 0 0 0 0
E 684 cfg=104 nodes= 1491 1490 1521 1523 0 0 0 0 0 0 0 0
E 685 cfg=104 nodes= 1082 1076 759 1078 0 0 0 0 0 0 0 0
E 686 cfg=104 nodes= 1088 1093 1077 821 0 0 0 0 0 0 0 0
E 687 cfg=104 nodes= 1076 1081 1084 759 0 0 0 0 0 0 0 0
E 688 cfg=104 nodes= 1081 1259 830 1084 0 0 0 0 0 0 0 0
E 689 cfg=104 nodes= 1140 1142 1146 823 0 0 0 0 0 0 0 0
E 690 cfg=104 nodes= 1072 755 1090 1096 0 0 0 0 0 0 0 0
E 691 cfg=104 nodes= 755 1122 1099 1090 0 0 0 0 0 0 0 0
E 692 cfg=104 nodes= 1122 1112 1095 1099 0 0 0 0 0 0 0 0
E 693 cfg=104 nodes= 1112 1079 1089 1095 0 0 0 0 0 0 0 0
E 694 cfg=104 nodes= 1079 820 1101 1089 0 0 0 0 0 0 0 0
E 695 cfg=104 nodes= 820 1080 1100 1101 0 0 0 0 0 0 0 0
E 696 cfg=104 nodes= 1080 1387 1097 1100 0 0 0 0 0 0 0 0
E 697 cfg=104 nodes= 1518 1517 1522 1534 0 0 0 0 0 0 0 0
E 698 cfg=104 nodes= 1519 1484 1525 1530 0 0 0 0 0 0 0 0
E 699 cfg=104 nodes= 1520 1487 1524 1533 0 0 0 0 0 0 0 0
E 700 cfg=104 nodes= 1542 1544 1448 1450 0 0 0 0 0 0 0 0
E 701 cfg=104 nodes= 1544 1543 1449 1448 0 0 0 0 0 0 0 0
E 702 cfg=104 nodes= 1545 1542 1450 1532 0 0 0 0 0 0 0 0
E 703 cfg=104 nodes= 1546 1545 1532 1531 0 0 0 0 0 0 0 0
E 704 cfg=104 nodes= 1547 1546 1531 1447 0 0 0 0 0 0 0 0
E 705 cfg=104 nodes= 1551 1549 1446 1529 0 0 0 0 0 0 0 0
E 706 cfg=104 nodes= 1552 1551 1529 1527 0 0 0 0 0 0 0 0
E 707 cfg=104 nodes= 1555 1554 1528 1445 0 0 0 0 0 0 0 0
E 708 cfg=104 nodes= 597 591 585 588 0 0 0 0 0 0 0 0
E 709 cfg=104 nodes= 596 594 568 586 0 0 0 0 0 0 0 0
E 710 cfg=104 nodes= 595 597 588 587 0 0 0 0 0 0 0 0
E 711 cfg=104 nodes= 594 595 587 568 0 0 0 0 0 0 0 0
E 712 cfg=104 nodes= 593 596 586 567 0 0 0 0 0 0 0 0
E 713 cfg=104 nodes= 592 593 567 583 0 0 0 0 0 0 0 0
E 714 cfg=104 nodes= 996 731 566 1512 0 0 0 0 0 0 0 0
E 715 cfg=104 nodes= 591 1512 566 585 0 0 0 0 0 0 0 0
E 716 cfg=104 nodes= 590 592 583 584 0 0 0 0 0 0 0 0
E 717 cfg=104 nodes= 566 585 591 1512 0 0 0 0 0 0 0 0
E 718 cfg=104 nodes= 567 586 596 593 0 0 0 0 0 0 0 0
E 719 cfg=104 nodes= 583 567 593 592 0 0 0 0 0 0 0 0
E 720 cfg=104 nodes= 583 584 590 592 0 0 0 0 0 0 0 0
E 721 cfg=104 nodes= 585 588 597 591 0 0 0 0 0 0 0 0
E 722 cfg=104 nodes= 586 568 594 596 0 0 0 0 0 0 0 0
E 723 cfg=104 nodes= 587 588 597 595 0 0 0 0 0 0 0 0
E 724 cfg=104 nodes= 587 568 594 595 0 0 0 0 0 0 0 0
E 725 cfg=104 nodes= 587 568 574 619 0 0 0 0 0 0 0 0
E 726 cfg=104 nodes= 587 588 575 619 0 0 0 0 0 0 0 0
E 727 cfg=104 nodes= 586 568 574 607 0 0 0 0 0 0 0 0
E 728 cfg=104 nodes= 585 588 575 606 0 0 0 0 0 0 0 0
E 729 cfg=104 nodes= 583 584 577 563 0 0 0 0 0 0 0 0
E 730 cfg=104 nodes= 583 567 578 563 0 0 0 0 0 0 0 0
E 731 cfg=104 nodes= 567 586 607 578 0 0 0 0 0 0 0 0
E 732 cfg=104 nodes= 566 585 606 605 0 0 0 0 0 0 0 0
E 733 cfg=104 nodes= 392 605 606 582 0 0 0 0 0 0 0 0
E 734 cfg=104 nodes= 582 606 575 565 0 0 0 0 0 0 0 0
E 735 cfg=104 nodes= 565 575 619 581 0 0 0 0 0 0 0 0
E 736 cfg=104 nodes= 581 619 574 580 0 0 0 0 0 0 0 0
E 737 cfg=104 nodes= 580 574 607 564 0 0 0 0 0 0 0 0
E 738 cfg=104 nodes= 564 607 578 579 0 0 0 0 0 0 0 0
E 739 cfg=104 nodes= 579 578 563 569 0 0 0 0 0 0 0 0
E 740 cfg=104 nodes= 569 563 577 1488 0 0 0 0 0 0 0 0
E 741 cfg=104 nodes= 1105 1123 1114 1120 0 0 0 0 0 0 0 0
E 742 cfg=104 nodes= 1142 824 1160 1146 0 0 0 0 0 0 0 0
E 743 cfg=104 nodes= 755 1072 770 1118 0 0 0 0 0 0 0 0
E 744 cfg=104 nodes= 1122 755 1118 1115 0 0 0 0 0 0 0 0
E 745 cfg=104 nodes= 1112 1122 1115 1126 0 0 0 0 0 0 0 0
E 746 cfg=104 nodes= 1079 1112 1126 1117 0 0 0 0 0 0 0 0
E 747 cfg=104 nodes= 820 1079 1117 1123 0 0 0 0 0 0 0 0
E 748 cfg=104 nodes= 1080 820 1123 1105 0 0 0 0 0 0 0 0
E 749 cfg=104 nodes= 1387 1080 1105 839 0 0 0 0 0 0 0 0
E 750 cfg=104 nodes= 507 1166 976 1525 0 0 0 0 0 0 0 0
E 751 cfg=104 nodes= 974 1530 1525 976 0 0 0 0 0 0 0 0
E 752 cfg=104 nodes= 865 1524 1530 974 0 0 0 0 0 0 0 0
E 753 cfg=104 nodes= 865 970 1533 1524 0 0 0 0 0 0 0 0
E 754 cfg=104 nodes= 970 1056 1442 1533 0 0 0 0 0 0 0 0
E 755 cfg=104 nodes= 818 1443 1442 1056 0 0 0 0 0 0 0 0
E 756 cfg=104 nodes= 524 1443 818 1150 0 0 0 0 0 0 0 0
E 757 cfg=104 nodes= 522 524 1150 1154 0 0 0 0 0 0 0 0
E 758 cfg=104 nodes= 957 809 1011 1135 0 0 0 0 0 0 0 0
E 759 cfg=104 nodes= 1135 1011 1040 1137 0 0 0 0 0 0 0 0
E 760 cfg=104 nodes= 1137 1040 1041 1141 0 0 0 0 0 0 0 0
E 761 cfg=104 nodes= 1141 1041 1045 1138 0 0 0 0 0 0 0 0
E 762 cfg=104 nodes= 1138 1045 810 1145 0 0 0 0 0 0 0 0
E 763 cfg=104 nodes= 1145 810 973 1139 0 0 0 0 0 0 0 0
E 764 cfg=104 nodes= 1139 973 1042 725 0 0 0 0 0 0 0 0
E 765 cfg=104 nodes= 725 1042 1159 742 0 0 0 0 0 0 0 0
E 766 cfg=104 nodes= 742 1159 726 815 0 0 0 0 0 0 0 0
E 767 cfg=104 nodes= 815 726 1044 863 0 0 0 0 0 0 0 0
E 768 cfg=104 nodes= 863 1044 978 988 0 0 0 0 0 0 0 0
E 769 cfg=104 nodes= 988 978 972 1023 0 0 0 0 0 0 0 0
E 770 cfg=104 nodes= 1023 972 1160 1132 0 0 0 0 0 0 0 0
E 771 cfg=104 nodes= 1132 1160 824 1003 0 0 0 0 0 0 0 0
E 772 cfg=104 nodes= 1003 824 971 813 0 0 0 0 0 0 0 0
E 773 cfg=104 nodes= 813 971 1046 870 0 0 0 0 0 0 0 0
E 774 cfg=104 nodes= 870 1046 1152 1149 0 0 0 0 0 0 0 0
E 775 cfg=104 nodes= 1149 1152 1161 1147 0 0 0 0 0 0 0 0
E 776 cfg=104 nodes= 1147 1161 1047 1168 0 0 0 0 0 0 0 0
E 777 cfg=104 nodes= 1168 1047 1120 776 0 0 0 0 0 0 0 0
E 778 cfg=104 nodes= 1151 1001 997 1157 0 0 0 0 0 0 0 0
E 779 cfg=104 nodes= 1001 1025 1027 997 0 0 0 0 0 0 0 0
E 780 cfg=104 nodes= 1025 1000 1008 1027 0 0 0 0 0 0 0 0
E 781 cfg=104 nodes= 1000 999 1006 1008 0 0 0 0 0 0 0 0
E 782 cfg=104 nodes= 999 1007 1024 1006 0 0 0 0 0 0 0 0
E 783 cfg=104 nodes= 1007 1161 1152 1024 0 0 0 0 0 0 0 0
E 784 cfg=104 nodes= 1155 744 769 1166 0 0 0 0 0 0 0 0
E 785 cfg=104 nodes= 744 1134 1133 769 0 0 0 0 0 0 0 0
E 786 cfg=104 nodes= 1134 1136 752 1133 0 0 0 0 0 0 0 0
E 787 cfg=104 nodes= 1136 822 1129 752 0 0 0 0 0 0 0 0
E 788 cfg=104 nodes= 822 1148 1131 1129 0 0 0 0 0 0 0 0
E 789 cfg=104 nodes= 1148 726 1159 1131 0 0 0 0 0 0 0 0
E 790 cfg=104 nodes= 954 1163 950 1162 0 0 0 0 0 0 0 0
E 791 cfg=104 nodes= 1163 767 951 950 0 0 0 0 0 0 0 0
E 792 cfg=104 nodes= 767 1068 1170 951 0 0 0 0 0 0 0 0
E 793 cfg=104 nodes= 1068 1174 956 1170 0 0 0 0 0 0 0 0
E 794 cfg=104 nodes= 1174 1011 809 956 0 0 0 0 0 0 0 0
E 795 cfg=104 nodes= 1150 954 1162 1154 0 0 0 0 0 0 0 0
E 796 cfg=104 nodes= 980 750 1153 871 0 0 0 0 0 0 0 0
E 797 cfg=104 nodes= 768 1143 1175 1144 0 0 0 0 0 0 0 0
E 798 cfg=104 nodes= 1143 1140 823 1175 0 0 0 0 0 0 0 0
E 799 cfg=104 nodes= 750 768 1144 1153 0 0 0 0 0 0 0 0
E 800 cfg=104 nodes= 992 1015 1483 1518 0 0 0 0 0 0 0 0
E 801 cfg=104 nodes= 1261 770 1072 864 0 0 0 0 0 0 0 0
E 802 cfg=104 nodes= 864 1072 1096 996 0 0 0 0 0 0 0 0
E 803 cfg=104 nodes= 1165 1275 1268 1164 0 0 0 0 0 0 0 0
E 804 cfg=104 nodes= 509 522 1154 1164 0 0 0 0 0 0 0 0
E 805 cfg=104 nodes= 1272 1284 1274 831 0 0 0 0 0 0 0 0
E 806 cfg=104 nodes= 1265 1272 831 1269 0 0 0 0 0 0 0 0
E 807 cfg=104 nodes= 1264 1265 1269 746 0 0 0 0 0 0 0 0
E 808 cfg=104 nodes= 1271 1264 746 1270 0 0 0 0 0 0 0 0
E 809 cfg=104 nodes= 1275 1271 1270 1268 0 0 0 0 0 0 0 0
E 810 cfg=104 nodes= 393 1261 864 1516 0 0 0 0 0 0 0 0
E 811 cfg=104 nodes= 1065 738 1254 1061 0 0 0 0 0 0 0 0
E 812 cfg=104 nodes= 1064 1065 1061 758 0 0 0 0 0 0 0 0
E 813 cfg=104 nodes= 1063 1064 758 1059 0 0 0 0 0 0 0 0
E 814 cfg=104 nodes= 732 1063 1059 1060 0 0 0 0 0 0 0 0
E 815 cfg=104 nodes= 1066 732 1060 1055 0 0 0 0 0 0 0 0
E 816 cfg=104 nodes= 1172 1066 1055 1176 0 0 0 0 0 0 0 0
E 817 cfg=104 nodes= 1039 1262 1256 1030 0 0 0 0 0 0 0 0
E 818 cfg=104 nodes= 1029 1039 1030 1028 0 0 0 0 0 0 0 0
E 819 cfg=104 nodes= 816 1029 1028 1033 0 0 0 0 0 0 0 0
E 820 cfg=104 nodes= 1031 816 1033 1032 0 0 0 0 0 0 0 0
E 821 cfg=104 nodes= 1034 1031 1032 862 0 0 0 0 0 0 0 0
E 822 cfg=104 nodes= 1167 1034 862 1169 0 0 0 0 0 0 0 0
E 823 cfg=104 nodes= 1094 781 1105 839 0 0 0 0 0 0 0 0
E 824 cfg=104 nodes= 772 1262 781 1094 0 0 0 0 0 0 0 0
E 825 cfg=104 nodes= 1087 1256 1262 772 0 0 0 0 0 0 0 0
E 826 cfg=104 nodes= 1092 953 1256 1087 0 0 0 0 0 0 0 0
E 827 cfg=104 nodes= 774 952 953 1092 0 0 0 0 0 0 0 0
E 828 cfg=104 nodes= 1038 1259 952 774 0 0 0 0 0 0 0 0
E 829 cfg=104 nodes= 1049 830 1259 1038 0 0 0 0 0 0 0 0
E 830 cfg=104 nodes= 1043 808 830 1049 0 0 0 0 0 0 0 0
E 831 cfg=104 nodes= 1037 961 808 1043 0 0 0 0 0 0 0 0
E 832 cfg=104 nodes= 1036 955 961 1037 0 0 0 0 0 0 0 0
E 833 cfg=104 nodes= 1035 738 955 1036 0 0 0 0 0 0 0 0
E 834 cfg=104 nodes= 817 1254 738 1035 0 0 0 0 0 0 0 0
E 835 cfg=104 nodes= 1071 959 1254 817 0 0 0 0 0 0 0 0
E 836 cfg=104 nodes= 1074 958 959 1071 0 0 0 0 0 0 0 0
E 837 cfg=104 nodes= 1069 780 958 1074 0 0 0 0 0 0 0 0
E 838 cfg=104 nodes= 1073 963 780 1069 0 0 0 0 0 0 0 0
E 839 cfg=104 nodes= 819 962 963 1073 0 0 0 0 0 0 0 0
E 840 cfg=104 nodes= 1067 960 962 819 0 0 0 0 0 0 0 0
E 841 cfg=104 nodes= 1070 1284 960 1067 0 0 0 0 0 0 0 0
E 842 cfg=104 nodes= 1282 1274 1284 1070 0 0 0 0 0 0 0 0
E 843 cfg=104 nodes= 509 510 1165 1164 0 0 0 0 0 0 0 0
E 844 cfg=104 nodes= 510 1486 814 1165 0 0 0 0 0 0 0 0
E 845 cfg=104 nodes= 814 1486 1485 1016 0 0 0 0 0 0 0 0
E 846 cfg=104 nodes= 987 1016 1485 1520 0 0 0 0 0 0 0 0
E 847 cfg=104 nodes= 987 1520 1487 1013 0 0 0 0 0 0 0 0
E 848 cfg=104 nodes= 1013 1487 1519 989 0 0 0 0 0 0 0 0
E 849 cfg=104 nodes= 1021 989 1519 1484 0 0 0 0 0 0 0 0
E 850 cfg=104 nodes= 499 1176 1021 1484 0 0 0 0 0 0 0 0
E 851 cfg=104 nodes= 499 501 1172 1176 0 0 0 0 0 0 0 0
E 852 cfg=104 nodes= 501 1483 1015 1172 0 0 0 0 0 0 0 0
E 853 cfg=104 nodes= 1018 1012 1490 1481 0 0 0 0 0 0 0 0
E 854 cfg=104 nodes= 985 992 1518 1517 0 0 0 0 0 0 0 0
E 855 cfg=104 nodes= 502 1171 985 1517 0 0 0 0 0 0 0 0
E 856 cfg=104 nodes= 502 1491 1010 1171 0 0 0 0 0 0 0 0
E 857 cfg=104 nodes= 504 1169 1018 1481 0 0 0 0 0 0 0 0
E 858 cfg=104 nodes= 504 505 1167 1169 0 0 0 0 0 0 0 0
E 859 cfg=104 nodes= 505 1482 1017 1167 0 0 0 0 0 0 0 0
E 860 cfg=104 nodes= 393 1261 1017 1482 0 0 0 0 0 0 0 0
E 861 cfg=104 nodes= 996 1512 1516 864 0 0 0 0 0 0 0 0
E 862 cfg=104 nodes= 507 520 1155 1166 0 0 0 0 0 0 0 0
E 863 cfg=104 nodes= 520 1526 975 1155 0 0 0 0 0 0 0 0
E 864 cfg=104 nodes= 779 975 1526 1534 0 0 0 0 0 0 0 0
E 865 cfg=104 nodes= 779 1534 1522 990 0 0 0 0 0 0 0 0
E 866 cfg=104 nodes= 521 871 990 1522 0 0 0 0 0 0 0 0
E 867 cfg=104 nodes= 521 1523 980 871 0 0 0 0 0 0 0 0
E 868 cfg=104 nodes= 980 1523 1521 984 0 0 0 0 0 0 0 0
E 869 cfg=104 nodes= 984 1521 1440 1062 0 0 0 0 0 0 0 0
E 870 cfg=104 nodes= 519 1157 1062 1440 0 0 0 0 0 0 0 0
E 871 cfg=104 nodes= 519 523 1151 1157 0 0 0 0 0 0 0 0
E 872 cfg=104 nodes= 523 1441 1053 1151 0 0 0 0 0 0 0 0
E 873 cfg=104 nodes= 839 776 1168 1094 0 0 0 0 0 0 0 0
E 874 cfg=104 nodes= 839 776 1120 1105 0 0 0 0 0 0 0 0
E 875 cfg=104 nodes= 1284 1011 1174 1272 0 0 0 0 0 0 0 0
E 876 cfg=104 nodes= 1284 1011 1040 960 0 0 0 0 0 0 0 0
E 877 cfg=104 nodes= 1282 957 1135 1070 0 0 0 0 0 0 0 0
E 878 cfg=104 nodes= 1274 809 956 831 0 0 0 0 0 0 0 0
E 879 cfg=104 nodes= 1274 809 957 1282 0 0 0 0 0 0 0 0
E 880 cfg=104 nodes= 1275 954 1150 1165 0 0 0 0 0 0 0 0
E 881 cfg=104 nodes= 746 951 1170 1269 0 0 0 0 0 0 0 0
E 882 cfg=104 nodes= 1270 950 951 746 0 0 0 0 0 0 0 0
E 883 cfg=104 nodes= 1269 1170 956 831 0 0 0 0 0 0 0 0
E 884 cfg=104 nodes= 1265 1068 767 1264 0 0 0 0 0 0 0 0
E 885 cfg=104 nodes= 1272 1174 1068 1265 0 0 0 0 0 0 0 0
E 886 cfg=104 nodes= 1264 767 1163 1271 0 0 0 0 0 0 0 0
E 887 cfg=104 nodes= 1271 1163 954 1275 0 0 0 0 0 0 0 0
E 888 cfg=104 nodes= 1268 1162 1154 1164 0 0 0 0 0 0 0 0
E 889 cfg=104 nodes= 1268 1162 950 1270 0 0 0 0 0 0 0 0
E 890 cfg=104 nodes= 1261 1267 1053 1017 0 0 0 0 0 0 0 0
E 891 cfg=104 nodes= 1262 1161 1007 1039 0 0 0 0 0 0 0 0
E 892 cfg=104 nodes= 1262 1161 1047 781 0 0 0 0 0 0 0 0
E 893 cfg=104 nodes= 1256 1152 1024 1030 0 0 0 0 0 0 0 0
E 894 cfg=104 nodes= 1256 1152 1046 953 0 0 0 0 0 0 0 0
E 895 cfg=104 nodes= 1259 824 1142 1081 0 0 0 0 0 0 0 0
E 896 cfg=104 nodes= 1259 824 971 952 0 0 0 0 0 0 0 0
E 897 cfg=104 nodes= 830 1160 1146 1084 0 0 0 0 0 0 0 0
E 898 cfg=104 nodes= 830 1160 972 808 0 0 0 0 0 0 0 0
E 899 cfg=104 nodes= 738 726 1148 1065 0 0 0 0 0 0 0 0
E 900 cfg=104 nodes= 738 726 1044 955 0 0 0 0 0 0 0 0
E 901 cfg=104 nodes= 1254 1159 1131 1061 0 0 0 0 0 0 0 0
E 902 cfg=104 nodes= 1254 1159 1042 959 0 0 0 0 0 0 0 0
E 903 cfg=104 nodes= 1176 1166 769 1055 0 0 0 0 0 0 0 0
E 904 cfg=104 nodes= 1176 1166 976 1021 0 0 0 0 0 0 0 0
E 905 cfg=104 nodes= 1172 1155 744 1066 0 0 0 0 0 0 0 0
E 906 cfg=104 nodes= 1172 1155 975 1015 0 0 0 0 0 0 0 0
E 907 cfg=104 nodes= 1171 871 1153 821 0 0 0 0 0 0 0 0
E 908 cfg=104 nodes= 1171 871 990 985 0 0 0 0 0 0 0 0
E 909 cfg=104 nodes= 1169 1157 997 862 0 0 0 0 0 0 0 0
E 910 cfg=104 nodes= 1169 1157 1062 1018 0 0 0 0 0 0 0 0
E 911 cfg=104 nodes= 1167 1151 1001 1034 0 0 0 0 0 0 0 0
E 912 cfg=104 nodes= 1167 1151 1053 1017 0 0 0 0 0 0 0 0
E 913 cfg=104 nodes= 821 1153 1144 1077 0 0 0 0 0 0 0 0
E 914 cfg=104 nodes= 1105 1120 1047 781 0 0 0 0 0 0 0 0
E 915 cfg=104 nodes= 1093 768 750 1088 0 0 0 0 0 0 0 0
E 916 cfg=104 nodes= 1088 750 980 1010 0 0 0 0 0 0 0 0
E 917 cfg=104 nodes= 1087 1149 1147 772 0 0 0 0 0 0 0 0
E 918 cfg=104 nodes= 772 1147 1168 1094 0 0 0 0 0 0 0 0
E 919 cfg=104 nodes= 1092 870 1149 1087 0 0 0 0 0 0 0 0
E 920 cfg=104 nodes= 759 823 1146 1084 0 0 0 0 0 0 0 0
E 921 cfg=104 nodes= 1077 1144 1175 1078 0 0 0 0 0 0 0 0
E 922 cfg=104 nodes= 1078 1175 823 759 0 0 0 0 0 0 0 0
E 923 cfg=104 nodes= 1076 1140 1143 1082 0 0 0 0 0 0 0 0
E 924 cfg=104 nodes= 1082 1143 768 1093 0 0 0 0 0 0 0 0
E 925 cfg=104 nodes= 1081 1142 1140 1076 0 0 0 0 0 0 0 0
E 926 cfg=104 nodes= 1069 1145 1139 1074 0 0 0 0 0 0 0 0
E 927 cfg=104 nodes= 1071 725 742 817 0 0 0 0 0 0 0 0
E 928 cfg=104 nodes= 1074 1139 725 1071 0 0 0 0 0 0 0 0
E 929 cfg=104 nodes= 1073 1138 1145 1069 0 0 0 0 0 0 0 0
E 930 cfg=104 nodes= 819 1141 1138 1073 0 0 0 0 0 0 0 0
E 931 cfg=104 nodes= 1067 1137 1141 819 0 0 0 0 0 0 0 0
E 932 cfg=104 nodes= 1070 1135 1137 1067 0 0 0 0 0 0 0 0
E 933 cfg=104 nodes= 1065 1148 822 1064 0 0 0 0 0 0 0 0
E 934 cfg=104 nodes= 732 1134 744 1066 0 0 0 0 0 0 0 0
E 935 cfg=104 nodes= 1063 1136 1134 732 0 0 0 0 0 0 0 0
E 936 cfg=104 nodes= 1064 822 1136 1063 0 0 0 0 0 0 0 0
E 937 cfg=104 nodes= 758 1129 1131 1061 0 0 0 0 0 0 0 0
E 938 cfg=104 nodes= 1059 752 1129 758 0 0 0 0 0 0 0 0
E 939 cfg=104 nodes= 1060 1133 752 1059 0 0 0 0 0 0 0 0
E 940 cfg=104 nodes= 1055 769 1133 1060 0 0 0 0 0 0 0 0
E 941 cfg=104 nodes= 817 742 815 1035 0 0 0 0 0 0 0 0
E 942 cfg=104 nodes= 1049 1132 1003 1038 0 0 0 0 0 0 0 0
E 943 cfg=104 nodes= 774 813 870 1092 0 0 0 0 0 0 0 0
E 944 cfg=104 nodes= 1038 1003 813 774 0 0 0 0 0 0 0 0
E 945 cfg=104 nodes= 1043 1023 1132 1049 0 0 0 0 0 0 0 0
E 946 cfg=104 nodes= 1037 988 1023 1043 0 0 0 0 0 0 0 0
E 947 cfg=104 nodes= 1036 863 988 1037 0 0 0 0 0 0 0 0
E 948 cfg=104 nodes= 1035 815 863 1036 0 0 0 0 0 0 0 0
E 949 cfg=104 nodes= 1039 1007 999 1029 0 0 0 0 0 0 0 0
E 950 cfg=104 nodes= 1031 1025 1001 1034 0 0 0 0 0 0 0 0
E 951 cfg=104 nodes= 816 1000 1025 1031 0 0 0 0 0 0 0 0
E 952 cfg=104 nodes= 1029 999 1000 816 0 0 0 0 0 0 0 0
E 953 cfg=104 nodes= 1028 1006 1024 1030 0 0 0 0 0 0 0 0
E 954 cfg=104 nodes= 1033 1008 1006 1028 0 0 0 0 0 0 0 0
E 955 cfg=104 nodes= 1032 1027 1008 1033 0 0 0 0 0 0 0 0
E 956 cfg=104 nodes= 862 997 1027 1032 0 0 0 0 0 0 0 0
E 957 cfg=104 nodes= 1015 975 779 992 0 0 0 0 0 0 0 0
E 958 cfg=104 nodes= 1016 1056 970 987 0 0 0 0 0 0 0 0
E 959 cfg=104 nodes= 814 818 1150 1165 0 0 0 0 0 0 0 0
E 960 cfg=104 nodes= 814 818 1056 1016 0 0 0 0 0 0 0 0
E 961 cfg=104 nodes= 1013 865 974 989 0 0 0 0 0 0 0 0
E 962 cfg=104 nodes= 1012 984 1062 1018 0 0 0 0 0 0 0 0
E 963 cfg=104 nodes= 1010 980 984 1012 0 0 0 0 0 0 0 0
E 964 cfg=104 nodes= 992 779 990 985 0 0 0 0 0 0 0 0
E 965 cfg=104 nodes= 989 974 976 1021 0 0 0 0 0 0 0 0
E 966 cfg=104 nodes= 987 970 865 1013 0 0 0 0 0 0 0 0
E 967 cfg=104 nodes= 963 1045 1041 962 0 0 0 0 0 0 0 0
E 968 cfg=104 nodes= 962 1041 1040 960 0 0 0 0 0 0 0 0
E 969 cfg=104 nodes= 780 810 1045 963 0 0 0 0 0 0 0 0
E 970 cfg=104 nodes= 958 973 810 780 0 0 0 0 0 0 0 0
E 971 cfg=104 nodes= 959 1042 973 958 0 0 0 0 0 0 0 0
E 972 cfg=104 nodes= 961 978 1044 955 0 0 0 0 0 0 0 0
E 973 cfg=104 nodes= 808 972 978 961 0 0 0 0 0 0 0 0
E 974 cfg=104 nodes= 953 1046 971 952 0 0 0 0 0 0 0 0
E 975 cfg=104 nodes= 1090 1107 1102 1096 0 0 0 0 0 0 0 0
E 976 cfg=104 nodes= 1089 1109 1121 1095 0 0 0 0 0 0 0 0
E 977 cfg=104 nodes= 1099 1104 1107 1090 0 0 0 0 0 0 0 0
E 978 cfg=104 nodes= 1095 1121 1104 1099 0 0 0 0 0 0 0 0
E 979 cfg=104 nodes= 1101 753 1109 1089 0 0 0 0 0 0 0 0
E 980 cfg=104 nodes= 1100 1111 753 1101 0 0 0 0 0 0 0 0
E 981 cfg=104 nodes= 392 1267 1091 605 0 0 0 0 0 0 0 0
E 982 cfg=104 nodes= 1096 1102 731 996 0 0 0 0 0 0 0 0
E 983 cfg=104 nodes= 1097 1103 1111 1100 0 0 0 0 0 0 0 0
E 984 cfg=104 nodes= 731 996 1096 1102 0 0 0 0 0 0 0 0
E 985 cfg=104 nodes= 753 1101 1089 1109 0 0 0 0 0 0 0 0
E 986 cfg=104 nodes= 1111 1100 1101 753 0 0 0 0 0 0 0 0
E 987 cfg=104 nodes= 1111 1100 1097 1103 0 0 0 0 0 0 0 0
E 988 cfg=104 nodes= 1102 1096 1090 1107 0 0 0 0 0 0 0 0
E 989 cfg=104 nodes= 1109 1089 1095 1121 0 0 0 0 0 0 0 0
E 990 cfg=104 nodes= 1104 1099 1090 1107 0 0 0 0 0 0 0 0
E 991 cfg=104 nodes= 1104 1099 1095 1121 0 0 0 0 0 0 0 0
E 992 cfg=104 nodes= 1104 1075 1119 1121 0 0 0 0 0 0 0 0
E 993 cfg=104 nodes= 1104 1075 1110 1107 0 0 0 0 0 0 0 0
E 994 cfg=104 nodes= 1109 1086 1119 1121 0 0 0 0 0 0 0 0
E 995 cfg=104 nodes= 1102 1085 1110 1107 0 0 0 0 0 0 0 0
E 996 cfg=104 nodes= 1111 872 1116 1103 0 0 0 0 0 0 0 0
E 997 cfg=104 nodes= 1111 872 1113 753 0 0 0 0 0 0 0 0
E 998 cfg=104 nodes= 753 1113 1086 1109 0 0 0 0 0 0 0 0
E 999 cfg=104 nodes= 731 1091 1085 1102 0 0 0 0 0 0 0 0
E 1000 cfg=104 nodes= 1267 756 1085 1091 0 0 0 0 0 0 0 0
E 1001 cfg=104 nodes= 756 1125 1110 1085 0 0 0 0 0 0 0 0
E 1002 cfg=104 nodes= 1125 1108 1075 1110 0 0 0 0 0 0 0 0
E 1003 cfg=104 nodes= 1108 771 1119 1075 0 0 0 0 0 0 0 0
E 1004 cfg=104 nodes= 771 1124 1086 1119 0 0 0 0 0 0 0 0
E 1005 cfg=104 nodes= 1124 1114 1113 1086 0 0 0 0 0 0 0 0
E 1006 cfg=104 nodes= 1114 1120 872 1113 0 0 0 0 0 0 0 0
E 1007 cfg=104 nodes= 1120 776 1116 872 0 0 0 0 0 0 0 0
E 1008 cfg=104 nodes= 392 1267 1053 1441 0 0 0 0 0 0 0 0
E 1009 cfg=104 nodes= 1012 1010 1491 1490 0 0 0 0 0 0 0 0
E 1010 cfg=104 nodes= 566 731 1091 605 0 0 0 0 0 0 0 0
E 1011 cfg=104 nodes= 285 284 283 259 0 0 0 0 0 0 0 0
E 1012 cfg=104 nodes= 267 257 284 285 0 0 0 0 0 0 0 0
E 1013 cfg=104 nodes= 266 285 259 273 0 0 0 0 0 0 0 0
E 1014 cfg=104 nodes= 293 258 257 267 0 0 0 0 0 0 0 0
E 1015 cfg=104 nodes= 292 267 285 266 0 0 0 0 0 0 0 0
E 1016 cfg=104 nodes= 268 266 273 1371 0 0 0 0 0 0 0 0
E 1017 cfg=104 nodes= 291 280 258 293 0 0 0 0 0 0 0 0
E 1018 cfg=104 nodes= 270 293 267 292 0 0 0 0 0 0 0 0
E 1019 cfg=104 nodes= 269 292 266 268 0 0 0 0 0 0 0 0
E 1020 cfg=104 nodes= 295 268 1371 260 0 0 0 0 0 0 0 0
E 1021 cfg=104 nodes= 281 256 280 291 0 0 0 0 0 0 0 0
E 1022 cfg=104 nodes= 294 291 293 270 0 0 0 0 0 0 0 0
E 1023 cfg=104 nodes= 296 270 292 269 0 0 0 0 0 0 0 0
E 1024 cfg=104 nodes= 271 269 268 295 0 0 0 0 0 0 0 0
E 1025 cfg=104 nodes= 260 288 319 295 0 0 0 0 0 0 0 0
E 1026 cfg=104 nodes= 282 281 291 294 0 0 0 0 0 0 0 0
E 1027 cfg=104 nodes= 272 294 270 296 0 0 0 0 0 0 0 0
E 1028 cfg=104 nodes= 298 296 269 271 0 0 0 0 0 0 0 0
E 1029 cfg=104 nodes= 295 319 297 271 0 0 0 0 0 0 0 0
E 1030 cfg=104 nodes= 320 319 288 287 0 0 0 0 0 0 0 0
E 1031 cfg=104 nodes= 254 282 294 272 0 0 0 0 0 0 0 0
E 1032 cfg=104 nodes= 318 272 296 298 0 0 0 0 0 0 0 0
E 1033 cfg=104 nodes= 271 297 300 298 0 0 0 0 0 0 0 0
E 1034 cfg=104 nodes= 299 297 319 320 0 0 0 0 0 0 0 0
E 1035 cfg=104 nodes= 322 320 287 262 0 0 0 0 0 0 0 0
E 1036 cfg=104 nodes= 255 254 272 318 0 0 0 0 0 0 0 0
E 1037 cfg=104 nodes= 298 300 317 318 0 0 0 0 0 0 0 0
E 1038 cfg=104 nodes= 297 299 301 300 0 0 0 0 0 0 0 0
E 1039 cfg=104 nodes= 321 299 320 322 0 0 0 0 0 0 0 0
E 1040 cfg=104 nodes= 262 286 303 322 0 0 0 0 0 0 0 0
E 1041 cfg=104 nodes= 318 317 274 255 0 0 0 0 0 0 0 0
E 1042 cfg=104 nodes= 302 317 300 301 0 0 0 0 0 0 0 0
E 1043 cfg=104 nodes= 299 321 324 301 0 0 0 0 0 0 0 0
E 1044 cfg=104 nodes= 322 303 323 321 0 0 0 0 0 0 0 0
E 1045 cfg=104 nodes= 286 264 305 303 0 0 0 0 0 0 0 0
E 1046 cfg=104 nodes= 253 274 317 302 0 0 0 0 0 0 0 0
E 1047 cfg=104 nodes= 304 302 301 324 0 0 0 0 0 0 0 0
E 1048 cfg=104 nodes= 327 324 321 323 0 0 0 0 0 0 0 0
E 1049 cfg=104 nodes= 303 305 316 323 0 0 0 0 0 0 0 0
E 1050 cfg=104 nodes= 306 305 264 263 0 0 0 0 0 0 0 0
E 1051 cfg=104 nodes= 278 253 302 304 0 0 0 0 0 0 0 0
E 1052 cfg=104 nodes= 324 327 326 304 0 0 0 0 0 0 0 0
E 1053 cfg=104 nodes= 308 327 323 316 0 0 0 0 0 0 0 0
E 1054 cfg=104 nodes= 307 316 305 306 0 0 0 0 0 0 0 0
E 1055 cfg=104 nodes= 329 306 263 290 0 0 0 0 0 0 0 0
E 1056 cfg=104 nodes= 304 326 279 278 0 0 0 0 0 0 0 0
E 1057 cfg=104 nodes= 327 308 328 326 0 0 0 0 0 0 0 0
E 1058 cfg=104 nodes= 310 308 316 307 0 0 0 0 0 0 0 0
E 1059 cfg=104 nodes= 309 307 306 329 0 0 0 0 0 0 0 0
E 1060 cfg=104 nodes= 331 329 290 289 0 0 0 0 0 0 0 0
E 1061 cfg=104 nodes= 326 328 251 279 0 0 0 0 0 0 0 0
E 1062 cfg=104 nodes= 325 328 308 310 0 0 0 0 0 0 0 0
E 1063 cfg=104 nodes= 311 310 307 309 0 0 0 0 0 0 0 0
E 1064 cfg=104 nodes= 330 309 329 331 0 0 0 0 0 0 0 0
E 1065 cfg=104 nodes= 331 289 265 313 0 0 0 0 0 0 0 0
E 1066 cfg=104 nodes= 252 251 328 325 0 0 0 0 0 0 0 0
E 1067 cfg=104 nodes= 312 325 310 311 0 0 0 0 0 0 0 0
E 1068 cfg=104 nodes= 333 311 309 330 0 0 0 0 0 0 0 0
E 1069 cfg=104 nodes= 330 331 313 332 0 0 0 0 0 0 0 0
E 1070 cfg=104 nodes= 313 265 247 246 0 0 0 0 0 0 0 0
E 1071 cfg=104 nodes= 275 252 325 312 0 0 0 0 0 0 0 0
E 1072 cfg=104 nodes= 345 312 311 333 0 0 0 0 0 0 0 0
E 1073 cfg=104 nodes= 332 348 333 330 0 0 0 0 0 0 0 0
E 1074 cfg=104 nodes= 332 313 246 249 0 0 0 0 0 0 0 0
E 1075 cfg=104 nodes= 250 275 312 345 0 0 0 0 0 0 0 0
E 1076 cfg=104 nodes= 333 348 347 345 0 0 0 0 0 0 0 0
E 1077 cfg=104 nodes= 249 248 348 332 0 0 0 0 0 0 0 0
E 1078 cfg=104 nodes= 345 347 276 250 0 0 0 0 0 0 0 0
E 1079 cfg=104 nodes= 347 348 248 277 0 0 0 0 0 0 0 0
E 1080 cfg=104 nodes= 276 1568 277 347 0 0 0 0 0 0 0 0
E 1081 cfg=104 nodes= 352 1535 1569 340 0 0 0 0 0 0 0 0
E 1082 cfg=104 nodes= 341 352 340 339 0 0 0 0 0 0 0 0
E 1083 cfg=104 nodes= 340 1569 1562 353 0 0 0 0 0 0 0 0
E 1084 cfg=104 nodes= 339 340 353 351 0 0 0 0 0 0 0 0
E 1085 cfg=104 nodes= 339 314 346 341 0 0 0 0 0 0 0 0
E 1086 cfg=104 nodes= 353 1562 1561 338 0 0 0 0 0 0 0 0
E 1087 cfg=104 nodes= 351 353 338 315 0 0 0 0 0 0 0 0
E 1088 cfg=104 nodes= 338 1561 1559 354 0 0 0 0 0 0 0 0
E 1089 cfg=104 nodes= 351 337 314 339 0 0 0 0 0 0 0 0
E 1090 cfg=104 nodes= 336 350 346 314 0 0 0 0 0 0 0 0
E 1091 cfg=104 nodes= 355 354 1559 1540 0 0 0 0 0 0 0 0
E 1092 cfg=104 nodes= 315 338 354 334 0 0 0 0 0 0 0 0
E 1093 cfg=104 nodes= 335 337 351 315 0 0 0 0 0 0 0 0
E 1094 cfg=104 nodes= 357 336 314 337 0 0 0 0 0 0 0 0
E 1095 cfg=104 nodes= 350 336 343 342 0 0 0 0 0 0 0 0
E 1096 cfg=104 nodes= 367 355 1540 1537 0 0 0 0 0 0 0 0
E 1097 cfg=104 nodes= 356 334 354 355 0 0 0 0 0 0 0 0
E 1098 cfg=104 nodes= 366 335 315 334 0 0 0 0 0 0 0 0
E 1099 cfg=104 nodes= 358 357 337 335 0 0 0 0 0 0 0 0
E 1100 cfg=104 nodes= 349 343 336 357 0 0 0 0 0 0 0 0
E 1101 cfg=104 nodes= 365 356 355 367 0 0 0 0 0 0 0 0
E 1102 cfg=104 nodes= 367 1537 1451 359 0 0 0 0 0 0 0 0
E 1103 cfg=104 nodes= 360 366 334 356 0 0 0 0 0 0 0 0
E 1104 cfg=104 nodes= 369 358 335 366 0 0 0 0 0 0 0 0
E 1105 cfg=104 nodes= 344 349 357 358 0 0 0 0 0 0 0 0
E 1106 cfg=104 nodes= 368 360 356 365 0 0 0 0 0 0 0 0
E 1107 cfg=104 nodes= 365 367 359 364 0 0 0 0 0 0 0 0
E 1108 cfg=104 nodes= 361 369 366 360 0 0 0 0 0 0 0 0
E 1109 cfg=104 nodes= 359 1451 1560 604 0 0 0 0 0 0 0 0
E 1110 cfg=104 nodes= 1539 344 358 369 0 0 0 0 0 0 0 0
E 1111 cfg=104 nodes= 363 361 360 368 0 0 0 0 0 0 0 0
E 1112 cfg=104 nodes= 364 362 368 365 0 0 0 0 0 0 0 0
E 1113 cfg=104 nodes= 1563 1539 369 361 0 0 0 0 0 0 0 0
E 1114 cfg=104 nodes= 364 359 604 1536 0 0 0 0 0 0 0 0
E 1115 cfg=104 nodes= 1565 1563 361 363 0 0 0 0 0 0 0 0
E 1116 cfg=104 nodes= 368 362 370 363 0 0 0 0 0 0 0 0
E 1117 cfg=104 nodes= 1536 1538 362 364 0 0 0 0 0 0 0 0
E 1118 cfg=104 nodes= 363 370 1566 1565 0 0 0 0 0 0 0 0
E 1119 cfg=104 nodes= 1564 370 362 1538 0 0 0 0 0 0 0 0
E 1120 cfg=104 nodes= 370 1564 1567 1566 0 0 0 0 0 0 0 0
E 1121 cfg=104 nodes= 860 259 283 1355 0 0 0 0 0 0 0 0
E 1122 cfg=104 nodes= 1366 860 1355 838 0 0 0 0 0 0 0 0
E 1123 cfg=104 nodes= 1367 273 259 860 0 0 0 0 0 0 0 0
E 1124 cfg=104 nodes= 1347 1366 838 1374 0 0 0 0 0 0 0 0
E 1125 cfg=104 nodes= 836 1367 860 1366 0 0 0 0 0 0 0 0
E 1126 cfg=104 nodes= 1365 1371 273 1367 0 0 0 0 0 0 0 0
E 1127 cfg=104 nodes= 736 1347 1374 1358 0 0 0 0 0 0 0 0
E 1128 cfg=104 nodes= 739 836 1366 1347 0 0 0 0 0 0 0 0
E 1129 cfg=104 nodes= 1364 1365 1367 836 0 0 0 0 0 0 0 0
E 1130 cfg=104 nodes= 1346 260 1371 1365 0 0 0 0 0 0 0 0
E 1131 cfg=104 nodes= 859 736 1358 1375 0 0 0 0 0 0 0 0
E 1132 cfg=104 nodes= 1348 739 1347 736 0 0 0 0 0 0 0 0
E 1133 cfg=104 nodes= 1342 1364 836 739 0 0 0 0 0 0 0 0
E 1134 cfg=104 nodes= 1363 1346 1365 1364 0 0 0 0 0 0 0 0
E 1135 cfg=104 nodes= 260 1346 1325 288 0 0 0 0 0 0 0 0
E 1136 cfg=104 nodes= 1357 1348 736 859 0 0 0 0 0 0 0 0
E 1137 cfg=104 nodes= 741 1342 739 1348 0 0 0 0 0 0 0 0
E 1138 cfg=104 nodes= 1345 1363 1364 1342 0 0 0 0 0 0 0 0
E 1139 cfg=104 nodes= 1346 1363 1344 1325 0 0 0 0 0 0 0 0
E 1140 cfg=104 nodes= 1326 287 288 1325 0 0 0 0 0 0 0 0
E 1141 cfg=104 nodes= 1376 741 1348 1357 0 0 0 0 0 0 0 0
E 1142 cfg=104 nodes= 1323 1345 1342 741 0 0 0 0 0 0 0 0
E 1143 cfg=104 nodes= 1363 1345 1341 1344 0 0 0 0 0 0 0 0
E 1144 cfg=104 nodes= 1343 1326 1325 1344 0 0 0 0 0 0 0 0
E 1145 cfg=104 nodes= 1321 262 287 1326 0 0 0 0 0 0 0 0
E 1146 cfg=104 nodes= 1377 1323 741 1376 0 0 0 0 0 0 0 0
E 1147 cfg=104 nodes= 1345 1323 1329 1341 0 0 0 0 0 0 0 0
E 1148 cfg=104 nodes= 1344 1341 1340 1343 0 0 0 0 0 0 0 0
E 1149 cfg=104 nodes= 1322 1321 1326 1343 0 0 0 0 0 0 0 0
E 1150 cfg=104 nodes= 262 1321 1338 286 0 0 0 0 0 0 0 0
E 1151 cfg=104 nodes= 1323 1377 837 1329 0 0 0 0 0 0 0 0
E 1152 cfg=104 nodes= 1339 1340 1341 1329 0 0 0 0 0 0 0 0
E 1153 cfg=104 nodes= 1343 1340 724 1322 0 0 0 0 0 0 0 0
E 1154 cfg=104 nodes= 1321 1322 1320 1338 0 0 0 0 0 0 0 0
E 1155 cfg=104 nodes= 286 1338 1337 264 0 0 0 0 0 0 0 0
E 1156 cfg=104 nodes= 729 1339 1329 837 0 0 0 0 0 0 0 0
E 1157 cfg=104 nodes= 1327 724 1340 1339 0 0 0 0 0 0 0 0
E 1158 cfg=104 nodes= 834 1320 1322 724 0 0 0 0 0 0 0 0
E 1159 cfg=104 nodes= 1338 1320 1330 1337 0 0 0 0 0 0 0 0
E 1160 cfg=104 nodes= 1336 263 264 1337 0 0 0 0 0 0 0 0
E 1161 cfg=104 nodes= 1356 1327 1339 729 0 0 0 0 0 0 0 0
E 1162 cfg=104 nodes= 724 1327 760 834 0 0 0 0 0 0 0 0
E 1163 cfg=104 nodes= 1335 1330 1320 834 0 0 0 0 0 0 0 0
E 1164 cfg=104 nodes= 740 1336 1337 1330 0 0 0 0 0 0 0 0
E 1165 cfg=104 nodes= 1318 290 263 1336 0 0 0 0 0 0 0 0
E 1166 cfg=104 nodes= 1327 1356 1359 760 0 0 0 0 0 0 0 0
E 1167 cfg=104 nodes= 834 760 1319 1335 0 0 0 0 0 0 0 0
E 1168 cfg=104 nodes= 1334 740 1330 1335 0 0 0 0 0 0 0 0
E 1169 cfg=104 nodes= 835 1318 1336 740 0 0 0 0 0 0 0 0
E 1170 cfg=104 nodes= 1312 289 290 1318 0 0 0 0 0 0 0 0
E 1171 cfg=104 nodes= 760 1359 1378 1319 0 0 0 0 0 0 0 0
E 1172 cfg=104 nodes= 735 1334 1335 1319 0 0 0 0 0 0 0 0
E 1173 cfg=104 nodes= 1333 835 740 1334 0 0 0 0 0 0 0 0
E 1174 cfg=104 nodes= 1317 1312 1318 835 0 0 0 0 0 0 0 0
E 1175 cfg=104 nodes= 1312 1328 265 289 0 0 0 0 0 0 0 0
E 1176 cfg=104 nodes= 856 735 1319 1378 0 0 0 0 0 0 0 0
E 1177 cfg=104 nodes= 1332 1333 1334 735 0 0 0 0 0 0 0 0
E 1178 cfg=104 nodes= 1316 1317 835 1333 0 0 0 0 0 0 0 0
E 1179 cfg=104 nodes= 1317 1313 1328 1312 0 0 0 0 0 0 0 0
E 1180 cfg=104 nodes= 1328 1383 247 265 0 0 0 0 0 0 0 0
E 1181 cfg=104 nodes= 1362 1332 735 856 0 0 0 0 0 0 0 0
E 1182 cfg=104 nodes= 833 1316 1333 1332 0 0 0 0 0 0 0 0
E 1183 cfg=104 nodes= 1313 1317 1316 1302 0 0 0 0 0 0 0 0
E 1184 cfg=104 nodes= 1313 1380 1383 1328 0 0 0 0 0 0 0 0
E 1185 cfg=104 nodes= 1379 833 1332 1362 0 0 0 0 0 0 0 0
E 1186 cfg=104 nodes= 1316 833 1301 1302 0 0 0 0 0 0 0 0
E 1187 cfg=104 nodes= 1380 1313 1302 1381 0 0 0 0 0 0 0 0
E 1188 cfg=104 nodes= 833 1379 1361 1301 0 0 0 0 0 0 0 0
E 1189 cfg=104 nodes= 1301 1360 1381 1302 0 0 0 0 0 0 0 0
E 1190 cfg=104 nodes= 1361 1301 1360 941 0 0 0 0 0 0 0 0
E 1191 cfg=104 nodes= 1299 1307 1569 1535 0 0 0 0 0 0 0 0
E 1192 cfg=104 nodes= 1306 1308 1307 1299 0 0 0 0 0 0 0 0
E 1193 cfg=104 nodes= 1307 1298 1562 1569 0 0 0 0 0 0 0 0
E 1194 cfg=104 nodes= 1308 1296 1298 1307 0 0 0 0 0 0 0 0
E 1195 cfg=104 nodes= 1308 1306 1303 1324 0 0 0 0 0 0 0 0
E 1196 cfg=104 nodes= 1298 1309 1561 1562 0 0 0 0 0 0 0 0
E 1197 cfg=104 nodes= 1296 1331 1309 1298 0 0 0 0 0 0 0 0
E 1198 cfg=104 nodes= 1309 1295 1559 1561 0 0 0 0 0 0 0 0
E 1199 cfg=104 nodes= 1296 1308 1324 1310 0 0 0 0 0 0 0 0
E 1200 cfg=104 nodes= 1311 1324 1303 1300 0 0 0 0 0 0 0 0
E 1201 cfg=104 nodes= 1294 1540 1559 1295 0 0 0 0 0 0 0 0
E 1202 cfg=104 nodes= 1331 1314 1295 1309 0 0 0 0 0 0 0 0
E 1203 cfg=104 nodes= 1315 1331 1296 1310 0 0 0 0 0 0 0 0
E 1204 cfg=104 nodes= 762 1310 1324 1311 0 0 0 0 0 0 0 0
E 1205 cfg=104 nodes= 1300 1304 761 1311 0 0 0 0 0 0 0 0
E 1206 cfg=104 nodes= 1286 1537 1540 1294 0 0 0 0 0 0 0 0
E 1207 cfg=104 nodes= 1293 1294 1295 1314 0 0 0 0 0 0 0 0
E 1208 cfg=104 nodes= 1289 1314 1331 1315 0 0 0 0 0 0 0 0
E 1209 cfg=104 nodes= 1292 1315 1310 762 0 0 0 0 0 0 0 0
E 1210 cfg=104 nodes= 1297 762 1311 761 0 0 0 0 0 0 0 0
E 1211 cfg=104 nodes= 832 1286 1294 1293 0 0 0 0 0 0 0 0
E 1212 cfg=104 nodes= 1286 1291 1451 1537 0 0 0 0 0 0 0 0
E 1213 cfg=104 nodes= 1287 1293 1314 1289 0 0 0 0 0 0 0 0
E 1214 cfg=104 nodes= 1285 1289 1315 1292 0 0 0 0 0 0 0 0
E 1215 cfg=104 nodes= 1305 1292 762 1297 0 0 0 0 0 0 0 0
E 1216 cfg=104 nodes= 1281 832 1293 1287 0 0 0 0 0 0 0 0
E 1217 cfg=104 nodes= 832 1288 1291 1286 0 0 0 0 0 0 0 0
E 1218 cfg=104 nodes= 1290 1287 1289 1285 0 0 0 0 0 0 0 0
E 1219 cfg=104 nodes= 1291 747 1560 1451 0 0 0 0 0 0 0 0
E 1220 cfg=104 nodes= 966 1285 1292 1305 0 0 0 0 0 0 0 0
E 1221 cfg=104 nodes= 743 1281 1287 1290 0 0 0 0 0 0 0 0
E 1222 cfg=104 nodes= 1288 832 1281 727 0 0 0 0 0 0 0 0
E 1223 cfg=104 nodes= 947 1290 1285 966 0 0 0 0 0 0 0 0
E 1224 cfg=104 nodes= 1288 967 747 1291 0 0 0 0 0 0 0 0
E 1225 cfg=104 nodes= 943 743 1290 947 0 0 0 0 0 0 0 0
E 1226 cfg=104 nodes= 1281 743 1283 727 0 0 0 0 0 0 0 0
E 1227 cfg=104 nodes= 967 1288 727 965 0 0 0 0 0 0 0 0
E 1228 cfg=104 nodes= 743 943 945 1283 0 0 0 0 0 0 0 0
E 1229 cfg=104 nodes= 944 965 727 1283 0 0 0 0 0 0 0 0
E 1230 cfg=104 nodes= 1283 945 942 944 0 0 0 0 0 0 0 0
E 1231 cfg=104 nodes= 1054 1048 979 778 0 0 0 0 0 0 0 0
E 1232 cfg=104 nodes= 778 979 811 1051 0 0 0 0 0 0 0 0
E 1233 cfg=104 nodes= 1051 811 1370 1352 0 0 0 0 0 0 0 0
E 1234 cfg=104 nodes= 1349 1156 1057 1350 0 0 0 0 0 0 0 0
E 1235 cfg=104 nodes= 1156 979 1048 1057 0 0 0 0 0 0 0 0
E 1236 cfg=104 nodes= 857 1353 1158 1369 0 0 0 0 0 0 0 0
E 1237 cfg=104 nodes= 1369 1158 1156 1349 0 0 0 0 0 0 0 0
E 1238 cfg=104 nodes= 1353 1370 811 1158 0 0 0 0 0 0 0 0
E 1239 cfg=104 nodes= 1158 811 979 1156 0 0 0 0 0 0 0 0
E 1240 cfg=104 nodes= 773 777 1058 1052 0 0 0 0 0 0 0 0
E 1241 cfg=104 nodes= 1052 1058 1048 1054 0 0 0 0 0 0 0 0
E 1242 cfg=104 nodes= 1368 977 983 1382 0 0 0 0 0 0 0 0
E 1243 cfg=104 nodes= 977 1058 777 983 0 0 0 0 0 0 0 0
E 1244 cfg=104 nodes= 1350 1057 977 1368 0 0 0 0 0 0 0 0
E 1245 cfg=104 nodes= 1057 1048 1058 977 0 0 0 0 0 0 0 0
E 1246 cfg=104 nodes= 949 946 1050 981 0 0 0 0 0 0 0 0
E 1247 cfg=104 nodes= 981 1050 777 773 0 0 0 0 0 0 0 0
E 1248 cfg=104 nodes= 946 807 986 1050 0 0 0 0 0 0 0 0
E 1249 cfg=104 nodes= 1050 986 983 777 0 0 0 0 0 0 0 0
E 1250 cfg=104 nodes= 807 969 940 986 0 0 0 0 0 0 0 0
E 1251 cfg=104 nodes= 986 940 1382 983 0 0 0 0 0 0 0 0
E 1252 cfg=104 nodes= 1396 151 982 775 0 0 0 0 0 0 0 0
E 1253 cfg=104 nodes= 151 1083 1106 982 0 0 0 0 0 0 0 0
E 1254 cfg=104 nodes= 1373 858 153 152 0 0 0 0 0 0 0 0
E 1255 cfg=104 nodes= 152 153 151 1396 0 0 0 0 0 0 0 0
E 1256 cfg=104 nodes= 858 1354 1372 153 0 0 0 0 0 0 0 0
E 1257 cfg=104 nodes= 153 1372 1083 151 0 0 0 0 0 0 0 0
E 1258 cfg=104 nodes= 778 154 854 1054 0 0 0 0 0 0 0 0
E 1259 cfg=104 nodes= 154 1396 775 854 0 0 0 0 0 0 0 0
E 1260 cfg=104 nodes= 1352 1351 1394 1051 0 0 0 0 0 0 0 0
E 1261 cfg=104 nodes= 1051 1394 154 778 0 0 0 0 0 0 0 0
E 1262 cfg=104 nodes= 1351 1373 152 1394 0 0 0 0 0 0 0 0
E 1263 cfg=104 nodes= 1394 152 1396 154 0 0 0 0 0 0 0 0
E 1264 cfg=104 nodes= 840 556 261 968 0 0 0 0 0 0 0 0
E 1265 cfg=104 nodes= 556 749 948 261 0 0 0 0 0 0 0 0
E 1266 cfg=104 nodes= 1255 1128 556 840 0 0 0 0 0 0 0 0
E 1267 cfg=104 nodes= 1128 1263 749 556 0 0 0 0 0 0 0 0
E 1268 cfg=104 nodes= 403 1026 1128 1255 0 0 0 0 0 0 0 0
E 1269 cfg=104 nodes= 1026 1098 1263 1128 0 0 0 0 0 0 0 0
E 1270 cfg=104 nodes= 775 982 1026 403 0 0 0 0 0 0 0 0
E 1271 cfg=104 nodes= 982 1106 1098 1026 0 0 0 0 0 0 0 0
E 1272 cfg=104 nodes= 773 1475 991 981 0 0 0 0 0 0 0 0
E 1273 cfg=104 nodes= 981 991 964 949 0 0 0 0 0 0 0 0
E 1274 cfg=104 nodes= 1475 1255 840 991 0 0 0 0 0 0 0 0
E 1275 cfg=104 nodes= 991 840 968 964 0 0 0 0 0 0 0 0
E 1276 cfg=104 nodes= 1054 854 1510 1052 0 0 0 0 0 0 0 0
E 1277 cfg=104 nodes= 1052 1510 1475 773 0 0 0 0 0 0 0 0
E 1278 cfg=104 nodes= 854 775 403 1510 0 0 0 0 0 0 0 0
E 1279 cfg=104 nodes= 1510 403 1255 1475 0 0 0 0 0 0 0 0
E 1280 cfg=104 nodes= 261 968 754 1497 0 0 0 0 0 0 0 0
E 1281 cfg=104 nodes= 807 969 861 1477 0 0 0 0 0 0 0 0
E 1282 cfg=104 nodes= 857 1353 998 1504 0 0 0 0 0 0 0 0
E 1283 cfg=104 nodes= 858 1354 812 1511 0 0 0 0 0 0 0 0
E 1284 cfg=104 nodes= 940 1382 757 1476 0 0 0 0 0 0 0 0
E 1285 cfg=104 nodes= 946 807 1477 1004 0 0 0 0 0 0 0 0
E 1286 cfg=104 nodes= 948 749 1495 1002 0 0 0 0 0 0 0 0
E 1287 cfg=104 nodes= 948 261 1497 1002 0 0 0 0 0 0 0 0
E 1288 cfg=104 nodes= 949 946 1004 1496 0 0 0 0 0 0 0 0
E 1289 cfg=104 nodes= 964 949 1496 1022 0 0 0 0 0 0 0 0
E 1290 cfg=104 nodes= 968 964 1022 754 0 0 0 0 0 0 0 0
E 1291 cfg=104 nodes= 969 940 1476 861 0 0 0 0 0 0 0 0
E 1292 cfg=104 nodes= 1083 1106 1479 1127 0 0 0 0 0 0 0 0
E 1293 cfg=104 nodes= 1098 1263 558 1014 0 0 0 0 0 0 0 0
E 1294 cfg=104 nodes= 1106 1098 1014 1479 0 0 0 0 0 0 0 0
E 1295 cfg=104 nodes= 1263 749 1495 558 0 0 0 0 0 0 0 0
E 1296 cfg=104 nodes= 1349 1369 1492 993 0 0 0 0 0 0 0 0
E 1297 cfg=104 nodes= 1350 1349 993 1515 0 0 0 0 0 0 0 0
E 1298 cfg=104 nodes= 1351 1373 1019 1480 0 0 0 0 0 0 0 0
E 1299 cfg=104 nodes= 1352 1351 1480 1005 0 0 0 0 0 0 0 0
E 1300 cfg=104 nodes= 1353 1370 1494 998 0 0 0 0 0 0 0 0
E 1301 cfg=104 nodes= 1354 1372 1009 812 0 0 0 0 0 0 0 0
E 1302 cfg=104 nodes= 1368 1350 1515 1493 0 0 0 0 0 0 0 0
E 1303 cfg=104 nodes= 1369 857 1504 1492 0 0 0 0 0 0 0 0
E 1304 cfg=104 nodes= 1370 1352 1005 1494 0 0 0 0 0 0 0 0
E 1305 cfg=104 nodes= 1372 1083 1127 1009 0 0 0 0 0 0 0 0
E 1306 cfg=104 nodes= 1373 858 1511 1019 0 0 0 0 0 0 0 0
E 1307 cfg=104 nodes= 1382 1368 1493 757 0 0 0 0 0 0 0 0
E 1308 cfg=104 nodes= 1497 754 995 1513 0 0 0 0 0 0 0 0
E 1309 cfg=104 nodes= 1477 861 994 1514 0 0 0 0 0 0 0 0
E 1310 cfg=104 nodes= 1504 998 1020 1478 0 0 0 0 0 0 0 0
E 1311 cfg=104 nodes= 1511 812 939 866 0 0 0 0 0 0 0 0
E 1312 cfg=104 nodes= 1476 757 938 806 0 0 0 0 0 0 0 0
E 1313 cfg=104 nodes= 1004 1477 1514 936 0 0 0 0 0 0 0 0
E 1314 cfg=104 nodes= 1002 1495 782 934 0 0 0 0 0 0 0 0
E 1315 cfg=104 nodes= 1002 1497 1513 934 0 0 0 0 0 0 0 0
E 1316 cfg=104 nodes= 1496 1004 936 935 0 0 0 0 0 0 0 0
E 1317 cfg=104 nodes= 1022 1496 935 933 0 0 0 0 0 0 0 0
E 1318 cfg=104 nodes= 754 1022 933 995 0 0 0 0 0 0 0 0
E 1319 cfg=104 nodes= 861 1476 806 994 0 0 0 0 0 0 0 0
E 1320 cfg=104 nodes= 1127 1479 937 931 0 0 0 0 0 0 0 0
E 1321 cfg=104 nodes= 1014 558 932 930 0 0 0 0 0 0 0 0
E 1322 cfg=104 nodes= 1479 1014 930 937 0 0 0 0 0 0 0 0
E 1323 cfg=104 nodes= 558 1495 782 932 0 0 0 0 0 0 0 0
E 1324 cfg=104 nodes= 993 1492 929 805 0 0 0 0 0 0 0 0
E 1325 cfg=104 nodes= 1515 993 805 928 0 0 0 0 0 0 0 0
E 1326 cfg=104 nodes= 1480 1019 927 926 0 0 0 0 0 0 0 0
E 1327 cfg=104 nodes= 1005 1480 926 783 0 0 0 0 0 0 0 0
E 1328 cfg=104 nodes= 998 1494 925 1020 0 0 0 0 0 0 0 0
E 1329 cfg=104 nodes= 812 1009 923 939 0 0 0 0 0 0 0 0
E 1330 cfg=104 nodes= 1493 1515 928 804 0 0 0 0 0 0 0 0
E 1331 cfg=104 nodes= 1492 1504 1478 929 0 0 0 0 0 0 0 0
E 1332 cfg=104 nodes= 1494 1005 783 925 0 0 0 0 0 0 0 0
E 1333 cfg=104 nodes= 1009 1127 931 923 0 0 0 0 0 0 0 0
E 1334 cfg=104 nodes= 1019 1511 866 927 0 0 0 0 0 0 0 0
E 1335 cfg=104 nodes= 757 1493 804 938 0 0 0 0 0 0 0 0
E 1336 cfg=104 nodes= 1513 995 867 924 0 0 0 0 0 0 0 0
E 1337 cfg=104 nodes= 1514 994 922 921 0 0 0 0 0 0 0 0
E 1338 cfg=104 nodes= 1478 1020 869 920 0 0 0 0 0 0 0 0
E 1339 cfg=104 nodes= 866 939 803 919 0 0 0 0 0 0 0 0
E 1340 cfg=104 nodes= 806 938 917 918 0 0 0 0 0 0 0 0
E 1341 cfg=104 nodes= 936 1514 921 916 0 0 0 0 0 0 0 0
E 1342 cfg=104 nodes= 934 782 915 802 0 0 0 0 0 0 0 0
E 1343 cfg=104 nodes= 934 1513 924 802 0 0 0 0 0 0 0 0
E 1344 cfg=104 nodes= 935 936 916 914 0 0 0 0 0 0 0 0
E 1345 cfg=104 nodes= 933 935 914 913 0 0 0 0 0 0 0 0
E 1346 cfg=104 nodes= 995 933 913 867 0 0 0 0 0 0 0 0
E 1347 cfg=104 nodes= 994 806 918 922 0 0 0 0 0 0 0 0
E 1348 cfg=104 nodes= 931 937 911 868 0 0 0 0 0 0 0 0
E 1349 cfg=104 nodes= 930 932 912 910 0 0 0 0 0 0 0 0
E 1350 cfg=104 nodes= 937 930 910 911 0 0 0 0 0 0 0 0
E 1351 cfg=104 nodes= 932 782 915 912 0 0 0 0 0 0 0 0
E 1352 cfg=104 nodes= 805 929 909 801 0 0 0 0 0 0 0 0
E 1353 cfg=104 nodes= 928 805 801 908 0 0 0 0 0 0 0 0
E 1354 cfg=104 nodes= 926 927 907 906 0 0 0 0 0 0 0 0
E 1355 cfg=104 nodes= 783 926 906 905 0 0 0 0 0 0 0 0
E 1356 cfg=104 nodes= 1020 925 800 869 0 0 0 0 0 0 0 0
E 1357 cfg=104 nodes= 939 923 904 803 0 0 0 0 0 0 0 0
E 1358 cfg=104 nodes= 804 928 908 903 0 0 0 0 0 0 0 0
E 1359 cfg=104 nodes= 929 1478 920 909 0 0 0 0 0 0 0 0
E 1360 cfg=104 nodes= 925 783 905 800 0 0 0 0 0 0 0 0
E 1361 cfg=104 nodes= 923 931 868 904 0 0 0 0 0 0 0 0
E 1362 cfg=104 nodes= 927 866 919 907 0 0 0 0 0 0 0 0
E 1363 cfg=104 nodes= 938 804 903 917 0 0 0 0 0 0 0 0
E 1364 cfg=104 nodes= 924 867 902 900 0 0 0 0 0 0 0 0
E 1365 cfg=104 nodes= 921 922 799 901 0 0 0 0 0 0 0 0
E 1366 cfg=104 nodes= 920 869 899 898 0 0 0 0 0 0 0 0
E 1367 cfg=104 nodes= 919 803 897 798 0 0 0 0 0 0 0 0
E 1368 cfg=104 nodes= 918 917 896 895 0 0 0 0 0 0 0 0
E 1369 cfg=104 nodes= 916 921 901 894 0 0 0 0 0 0 0 0
E 1370 cfg=104 nodes= 802 915 797 893 0 0 0 0 0 0 0 0
E 1371 cfg=104 nodes= 802 924 900 893 0 0 0 0 0 0 0 0
E 1372 cfg=104 nodes= 914 916 894 892 0 0 0 0 0 0 0 0
E 1373 cfg=104 nodes= 913 914 892 784 0 0 0 0 0 0 0 0
E 1374 cfg=104 nodes= 867 913 784 902 0 0 0 0 0 0 0 0
E 1375 cfg=104 nodes= 922 918 895 799 0 0 0 0 0 0 0 0
E 1376 cfg=104 nodes= 868 911 891 890 0 0 0 0 0 0 0 0
E 1377 cfg=104 nodes= 910 912 889 796 0 0 0 0 0 0 0 0
E 1378 cfg=104 nodes= 911 910 796 891 0 0 0 0 0 0 0 0
E 1379 cfg=104 nodes= 912 915 797 889 0 0 0 0 0 0 0 0
E 1380 cfg=104 nodes= 801 909 888 887 0 0 0 0 0 0 0 0
E 1381 cfg=104 nodes= 908 801 887 886 0 0 0 0 0 0 0 0
E 1382 cfg=104 nodes= 906 907 885 795 0 0 0 0 0 0 0 0
E 1383 cfg=104 nodes= 905 906 795 785 0 0 0 0 0 0 0 0
E 1384 cfg=104 nodes= 869 800 884 899 0 0 0 0 0 0 0 0
E 1385 cfg=104 nodes= 803 904 883 897 0 0 0 0 0 0 0 0
E 1386 cfg=104 nodes= 903 908 886 882 0 0 0 0 0 0 0 0
E 1387 cfg=104 nodes= 909 920 898 888 0 0 0 0 0 0 0 0
E 1388 cfg=104 nodes= 800 905 785 884 0 0 0 0 0 0 0 0
E 1389 cfg=104 nodes= 904 868 890 883 0 0 0 0 0 0 0 0
E 1390 cfg=104 nodes= 907 919 798 885 0 0 0 0 0 0 0 0
E 1391 cfg=104 nodes= 917 903 882 896 0 0 0 0 0 0 0 0
E 1392 cfg=104 nodes= 900 902 794 881 0 0 0 0 0 0 0 0
E 1393 cfg=104 nodes= 901 799 880 879 0 0 0 0 0 0 0 0
E 1394 cfg=104 nodes= 898 899 793 878 0 0 0 0 0 0 0 0
E 1395 cfg=104 nodes= 798 897 877 786 0 0 0 0 0 0 0 0
E 1396 cfg=104 nodes= 895 896 876 875 0 0 0 0 0 0 0 0
E 1397 cfg=104 nodes= 894 901 879 792 0 0 0 0 0 0 0 0
E 1398 cfg=104 nodes= 893 797 874 791 0 0 0 0 0 0 0 0
E 1399 cfg=104 nodes= 893 900 881 791 0 0 0 0 0 0 0 0
E 1400 cfg=104 nodes= 892 894 792 790 0 0 0 0 0 0 0 0
E 1401 cfg=104 nodes= 784 892 790 873 0 0 0 0 0 0 0 0
E 1402 cfg=104 nodes= 902 784 873 794 0 0 0 0 0 0 0 0
E 1403 cfg=104 nodes= 799 895 875 880 0 0 0 0 0 0 0 0
E 1404 cfg=104 nodes= 890 891 788 787 0 0 0 0 0 0 0 0
E 1405 cfg=104 nodes= 796 889 789 636 0 0 0 0 0 0 0 0
E 1406 cfg=104 nodes= 891 796 636 788 0 0 0 0 0 0 0 0
E 1407 cfg=104 nodes= 889 797 874 789 0 0 0 0 0 0 0 0
E 1408 cfg=104 nodes= 887 888 637 635 0 0 0 0 0 0 0 0
E 1409 cfg=104 nodes= 886 887 635 638 0 0 0 0 0 0 0 0
E 1410 cfg=104 nodes= 795 885 634 722 0 0 0 0 0 0 0 0
E 1411 cfg=104 nodes= 785 795 722 633 0 0 0 0 0 0 0 0
E 1412 cfg=104 nodes= 899 884 639 793 0 0 0 0 0 0 0 0
E 1413 cfg=104 nodes= 897 883 720 877 0 0 0 0 0 0 0 0
E 1414 cfg=104 nodes= 882 886 638 721 0 0 0 0 0 0 0 0
E 1415 cfg=104 nodes= 888 898 878 637 0 0 0 0 0 0 0 0
E 1416 cfg=104 nodes= 884 785 633 639 0 0 0 0 0 0 0 0
E 1417 cfg=104 nodes= 883 890 787 720 0 0 0 0 0 0 0 0
E 1418 cfg=104 nodes= 885 798 786 634 0 0 0 0 0 0 0 0
E 1419 cfg=104 nodes= 896 882 721 876 0 0 0 0 0 0 0 0
E 1420 cfg=104 nodes= 881 794 632 719 0 0 0 0 0 0 0 0
E 1421 cfg=104 nodes= 879 880 640 718 0 0 0 0 0 0 0 0
E 1422 cfg=104 nodes= 878 793 717 625 0 0 0 0 0 0 0 0
E 1423 cfg=104 nodes= 786 877 715 631 0 0 0 0 0 0 0 0
E 1424 cfg=104 nodes= 875 876 716 641 0 0 0 0 0 0 0 0
E 1425 cfg=104 nodes= 792 879 718 714 0 0 0 0 0 0 0 0
E 1426 cfg=104 nodes= 791 874 713 711 0 0 0 0 0 0 0 0
E 1427 cfg=104 nodes= 791 881 719 711 0 0 0 0 0 0 0 0
E 1428 cfg=104 nodes= 790 792 714 709 0 0 0 0 0 0 0 0
E 1429 cfg=104 nodes= 873 790 709 710 0 0 0 0 0 0 0 0
E 1430 cfg=104 nodes= 794 873 710 632 0 0 0 0 0 0 0 0
E 1431 cfg=104 nodes= 880 875 641 640 0 0 0 0 0 0 0 0
E 1432 cfg=104 nodes= 787 788 712 706 0 0 0 0 0 0 0 0
E 1433 cfg=104 nodes= 636 789 642 707 0 0 0 0 0 0 0 0
E 1434 cfg=104 nodes= 788 636 707 712 0 0 0 0 0 0 0 0
E 1435 cfg=104 nodes= 789 874 713 642 0 0 0 0 0 0 0 0
E 1436 cfg=104 nodes= 635 637 630 705 0 0 0 0 0 0 0 0
E 1437 cfg=104 nodes= 638 635 705 708 0 0 0 0 0 0 0 0
E 1438 cfg=104 nodes= 722 634 704 703 0 0 0 0 0 0 0 0
E 1439 cfg=104 nodes= 633 722 703 701 0 0 0 0 0 0 0 0
E 1440 cfg=104 nodes= 793 639 643 717 0 0 0 0 0 0 0 0
E 1441 cfg=104 nodes= 877 720 700 715 0 0 0 0 0 0 0 0
E 1442 cfg=104 nodes= 721 638 708 623 0 0 0 0 0 0 0 0
E 1443 cfg=104 nodes= 637 878 625 630 0 0 0 0 0 0 0 0
E 1444 cfg=104 nodes= 639 633 701 643 0 0 0 0 0 0 0 0
E 1445 cfg=104 nodes= 720 787 706 700 0 0 0 0 0 0 0 0
E 1446 cfg=104 nodes= 634 786 631 704 0 0 0 0 0 0 0 0
E 1447 cfg=104 nodes= 876 721 623 716 0 0 0 0 0 0 0 0
E 1448 cfg=104 nodes= 719 632 702 629 0 0 0 0 0 0 0 0
E 1449 cfg=104 nodes= 718 640 699 697 0 0 0 0 0 0 0 0
E 1450 cfg=104 nodes= 625 717 696 698 0 0 0 0 0 0 0 0
E 1451 cfg=104 nodes= 631 715 694 695 0 0 0 0 0 0 0 0
E 1452 cfg=104 nodes= 641 716 693 691 0 0 0 0 0 0 0 0
E 1453 cfg=104 nodes= 714 718 697 644 0 0 0 0 0 0 0 0
E 1454 cfg=104 nodes= 711 713 622 692 0 0 0 0 0 0 0 0
E 1455 cfg=104 nodes= 711 719 629 692 0 0 0 0 0 0 0 0
E 1456 cfg=104 nodes= 709 714 644 621 0 0 0 0 0 0 0 0
E 1457 cfg=104 nodes= 710 709 621 689 0 0 0 0 0 0 0 0
E 1458 cfg=104 nodes= 632 710 689 702 0 0 0 0 0 0 0 0
E 1459 cfg=104 nodes= 640 641 691 699 0 0 0 0 0 0 0 0
E 1460 cfg=104 nodes= 706 712 690 688 0 0 0 0 0 0 0 0
E 1461 cfg=104 nodes= 707 642 685 684 0 0 0 0 0 0 0 0
E 1462 cfg=104 nodes= 712 707 684 690 0 0 0 0 0 0 0 0
E 1463 cfg=104 nodes= 642 713 622 685 0 0 0 0 0 0 0 0
E 1464 cfg=104 nodes= 705 630 683 645 0 0 0 0 0 0 0 0
E 1465 cfg=104 nodes= 708 705 645 687 0 0 0 0 0 0 0 0
E 1466 cfg=104 nodes= 703 704 686 681 0 0 0 0 0 0 0 0
E 1467 cfg=104 nodes= 701 703 681 680 0 0 0 0 0 0 0 0
E 1468 cfg=104 nodes= 717 643 682 696 0 0 0 0 0 0 0 0
E 1469 cfg=104 nodes= 715 700 679 694 0 0 0 0 0 0 0 0
E 1470 cfg=104 nodes= 623 708 687 677 0 0 0 0 0 0 0 0
E 1471 cfg=104 nodes= 630 625 698 683 0 0 0 0 0 0 0 0
E 1472 cfg=104 nodes= 643 701 680 682 0 0 0 0 0 0 0 0
E 1473 cfg=104 nodes= 700 706 688 679 0 0 0 0 0 0 0 0
E 1474 cfg=104 nodes= 704 631 695 686 0 0 0 0 0 0 0 0
E 1475 cfg=104 nodes= 716 623 677 693 0 0 0 0 0 0 0 0
E 1476 cfg=104 nodes= 654 649 663 667 0 0 0 0 0 0 0 0
E 1477 cfg=104 nodes= 667 663 670 650 0 0 0 0 0 0 0 0
E 1478 cfg=104 nodes= 650 670 682 680 0 0 0 0 0 0 0 0
E 1479 cfg=104 nodes= 645 655 651 687 0 0 0 0 0 0 0 0
E 1480 cfg=104 nodes= 655 663 649 651 0 0 0 0 0 0 0 0
E 1481 cfg=104 nodes= 698 696 656 683 0 0 0 0 0 0 0 0
E 1482 cfg=104 nodes= 683 656 655 645 0 0 0 0 0 0 0 0
E 1483 cfg=104 nodes= 696 682 670 656 0 0 0 0 0 0 0 0
E 1484 cfg=104 nodes= 656 670 663 655 0 0 0 0 0 0 0 0
E 1485 cfg=104 nodes= 669 672 627 626 0 0 0 0 0 0 0 0
E 1486 cfg=104 nodes= 626 627 649 654 0 0 0 0 0 0 0 0
E 1487 cfg=104 nodes= 677 665 661 693 0 0 0 0 0 0 0 0
E 1488 cfg=104 nodes= 665 627 672 661 0 0 0 0 0 0 0 0
E 1489 cfg=104 nodes= 687 651 665 677 0 0 0 0 0 0 0 0
E 1490 cfg=104 nodes= 651 649 627 665 0 0 0 0 0 0 0 0
E 1491 cfg=104 nodes= 621 644 647 662 0 0 0 0 0 0 0 0
E 1492 cfg=104 nodes= 662 647 672 669 0 0 0 0 0 0 0 0
E 1493 cfg=104 nodes= 644 697 624 647 0 0 0 0 0 0 0 0
E 1494 cfg=104 nodes= 647 624 661 672 0 0 0 0 0 0 0 0
E 1495 cfg=104 nodes= 697 699 691 624 0 0 0 0 0 0 0 0
E 1496 cfg=104 nodes= 624 691 693 661 0 0 0 0 0 0 0 0
E 1497 cfg=104 nodes= 652 678 664 671 0 0 0 0 0 0 0 0
E 1498 cfg=104 nodes= 678 688 690 664 0 0 0 0 0 0 0 0
E 1499 cfg=104 nodes= 686 695 675 676 0 0 0 0 0 0 0 0
E 1500 cfg=104 nodes= 676 675 678 652 0 0 0 0 0 0 0 0
E 1501 cfg=104 nodes= 695 694 679 675 0 0 0 0 0 0 0 0
E 1502 cfg=104 nodes= 675 679 688 678 0 0 0 0 0 0 0 0
E 1503 cfg=104 nodes= 667 628 666 654 0 0 0 0 0 0 0 0
E 1504 cfg=104 nodes= 628 652 671 666 0 0 0 0 0 0 0 0
E 1505 cfg=104 nodes= 680 681 657 650 0 0 0 0 0 0 0 0
E 1506 cfg=104 nodes= 650 657 628 667 0 0 0 0 0 0 0 0
E 1507 cfg=104 nodes= 681 686 676 657 0 0 0 0 0 0 0 0
E 1508 cfg=104 nodes= 657 676 652 628 0 0 0 0 0 0 0 0
E 1509 cfg=104 nodes= 668 673 629 702 0 0 0 0 0 0 0 0
E 1510 cfg=104 nodes= 673 622 692 629 0 0 0 0 0 0 0 0
E 1511 cfg=104 nodes= 646 653 673 668 0 0 0 0 0 0 0 0
E 1512 cfg=104 nodes= 653 685 622 673 0 0 0 0 0 0 0 0
E 1513 cfg=104 nodes= 674 648 653 646 0 0 0 0 0 0 0 0
E 1514 cfg=104 nodes= 648 684 685 653 0 0 0 0 0 0 0 0
E 1515 cfg=104 nodes= 671 664 648 674 0 0 0 0 0 0 0 0
E 1516 cfg=104 nodes= 664 690 684 648 0 0 0 0 0 0 0 0
E 1517 cfg=104 nodes= 669 658 660 662 0 0 0 0 0 0 0 0
E 1518 cfg=104 nodes= 662 660 689 621 0 0 0 0 0 0 0 0
E 1519 cfg=104 nodes= 658 646 668 660 0 0 0 0 0 0 0 0
E 1520 cfg=104 nodes= 660 668 702 689 0 0 0 0 0 0 0 0
E 1521 cfg=104 nodes= 654 666 659 626 0 0 0 0 0 0 0 0
E 1522 cfg=104 nodes= 626 659 658 669 0 0 0 0 0 0 0 0
E 1523 cfg=104 nodes= 666 671 674 659 0 0 0 0 0 0 0 0
E 1524 cfg=104 nodes= 659 674 646 658 0 0 0 0 0 0 0 0
E 1561 cfg=60 nodes= 1667 1668 0 0 0 0 0 0 0 0 0 0
E 1562 cfg=60 nodes= 1666 1665 0 0 0 0 0 0 0 0 0 0
E 1525 cfg=22 nodes= 1629 1631 1630 1632 0 0 0 0 0 0 0 0
E 1526 cfg=22 nodes= 1653 1652 1656 1649 0 0 0 0 0 0 0 0
E 1527 cfg=22 nodes= 1657 1659 1658 1660 0 0 0 0 0 0 0 0
E 1528 cfg=22 nodes= 1635 1633 1636 1634 0 0 0 0 0 0 0 0
E 1529 cfg=55 nodes= 1668 245 577 590 1488 0 0 0 0 0 0 0
E 1530 cfg=55 nodes= 96 342 0 0 0 0 0 0 0 0 0 0
E 1531 cfg=55 nodes= 90 1535 0 0 0 0 0 0 0 0 0 0
E 1532 cfg=55 nodes= 846 1304 0 0 0 0 0 0 0 0 0 0
E 1533 cfg=55 nodes= 173 1305 0 0 0 0 0 0 0 0 0 0
E 1534 cfg=55 nodes= 1388 942 0 0 0 0 0 0 0 0 0 0
E 1535 cfg=55 nodes= 1384 967 0 0 0 0 0 0 0 0 0 0
E 1536 cfg=55 nodes= 139 1538 0 0 0 0 0 0 0 0 0 0
E 1537 cfg=55 nodes= 148 1566 0 0 0 0 0 0 0 0 0 0
E 1538 cfg=55 nodes= 1568 1548 0 0 0 0 0 0 0 0 0 0
E 1539 cfg=55 nodes= 275 542 0 0 0 0 0 0 0 0 0 0
E 1540 cfg=55 nodes= 253 1473 0 0 0 0 0 0 0 0 0 0
E 1541 cfg=55 nodes= 280 578 0 0 0 0 0 0 0 0 0 0
E 1542 cfg=55 nodes= 1355 1085 0 0 0 0 0 0 0 0 0 0
E 1543 cfg=55 nodes= 1358 1113 0 0 0 0 0 0 0 0 0 0
E 1544 cfg=55 nodes= 1147 1357 0 0 0 0 0 0 0 0 0 0
E 1545 cfg=55 nodes= 813 1377 0 0 0 0 0 0 0 0 0 0
E 1546 cfg=55 nodes= 1138 1362 0 0 0 0 0 0 0 0 0 0
E 1547 cfg=55 nodes= 957 941 0 0 0 0 0 0 0 0 0 0
E 1548 cfg=55 nodes= 522 1154 0 0 0 0 0 0 0 0 0 0
E 1549 cfg=55 nodes= 495 112 0 0 0 0 0 0 0 0 0 0
E 1550 cfg=55 nodes= 1632 184 188 1580 1581 1631 0 0 0 0 0 0
E 1551 cfg=55 nodes= 1629 1185 1187 1189 1190 1630 0 0 0 0 0 0
E 1552 cfg=55 nodes= 1633 766 1179 1181 1182 1634 0 0 0 0 0 0
E 1553 cfg=55 nodes= 1636 843 1416 1592 1593 1635 0 0 0 0 0 0
E 1554 cfg=55 nodes= 1649 27 31 1612 1611 1652 0 0 0 0 0 0
E 1555 cfg=55 nodes= 1653 482 483 480 481 1656 0 0 0 0 0 0
E 1556 cfg=55 nodes= 1657 488 492 493 491 1658 0 0 0 0 0 0
E 1557 cfg=55 nodes= 1660 104 109 1613 1614 1659 0 0 0 0 0 0
E 1558 cfg=55 nodes= 1666 776 1097 1116 1387 0 0 0 0 0 0 0
E 1559 cfg=55 nodes= 1665 1226 1231 1235 1237 0 0 0 0 0 0 0
E 1560 cfg=55 nodes= 1667 425 426 427 431 0 0 0 0 0 0 0
