219643
219644
219645
219646
219647
219648
219649
219650
219651
219652
219653
219654
219655
219656
219657
219658
219659
219660
219661
219662
219663
219664
219665
219666
219667
219668
219669
219677
219678
219679
219680
219681
219682
219683
219684
219685
219686
219687
219688
219689
219690
219691
219692
219693
219694
219695
219696
219697
219698
219699
219700
219701
219702
219703
219704
219705
219706
219707
219708
219709
219710
219711
219712
219713
219714
219715
219716
219717
219718
219719
219720
219721
219722
219723
219724
219725
219726
219727
219728
219729
219730
219731
219732
219733
219734
219735
219736
219737
219738
219739
219740
219741
219742
219743
219744
219745
219746
219747
219748
219749
219750
219751
219752
219753
219754
219755
219756
219757
219758
219759
219760
219761
219762
219763
219764
219765
219766
219767
219768
219769
219770
219771
219772
219773
219774
219775
219776
219777
219778
219779
219780
219781
219782
219783
219784
219785
219786
219787
219788
219789
219790
219791
219792
219793
219794
219795
219796
219797
219798
219799
219800
219801
219802
219803
219804
219805
219806
219807
219808
219809
219810
219811
219812
219813
219814
219815
219816
219817
219818
219819
219820
219821
219822
219823
219824
219825
219826
219827
219828
219829
219830
219831
219832
219833
219834
219835
219836
219837
219838
219839
219840
219841
219842
219843
219844
219845
219846
219847
219848
219849
219850
219851
219852
219853
219854
219855
219856
219857
219858
219859
219860
219861
219862
219863
219864
219865
219866
219867
219868
219869
219870
219871
219872
219873
219874
219875
219876
219877
219878
219879
219880
219881
219882
219883
219884
219885
219886
219887
219888
219889
219890
219891
219892
219893
219894
219895
219896
219897
219898
219899
219900
219901
219902
219903
219904
219905
219906
219907
219908
219909
219910
219911
219912
219913
219914
219915
219916
219917
219918
219919
219920
219921
219922
219923
219924
219925
219926
219927
219928
219929
219930
219931
219932
219933
219934
219935
219936
219937
219938
219939
219940
219941
219942
219943
219944
219945
219946
219947
219948
219949
219950
219951
219952
219953
219954
219955
219956
219957
219958
219959
219960
219961
219962
219963
219964
219965
219966
219967
219968
219969
219970
219971
219972
219973
219974
219975
219976
219977
219978
219979
219980
219981
219982
219983
219984
219985
219986
219987
219988
219989
219990
219991
219992
219993
219994
219995
219996
219997
219998
219999
220000
220001
220002
220003
220004
220005
220006
220007
220008
220009
220010
220011
220012
220013
220014
220015
220016
220017
220018
220019
220020
220021
220022
220023
220024
220025
220026
220027
220028
220029
220030
220031
220032
220033
220034
220035
220036
220037
220038
220039
220040
220041
220042
220043
220044
220045
220046
220047
220048
220049
220050
220051
220052
220053
220054
220055
220056
220057
220058
220059
220060
220061
220062
220063
220064
220065
220066
220067
220068
220069
220070
220071
220072
220073
220074
220075
220076
220077
220078
220079
220080
220081
220082
220083
220084
220085
220086
220087
220088
220089
220090
220091
220092
220093
220094
220095
220096
220097
220098
220099
220100
220101
220102
220103
220104
220105
220106
220107
220108
220109
220110
220111
220112
220113
220114
220115
220116
220117
220118
220119
220120
220121
220122
220123
220124
220125
220126
220127
220128
220129
220130
220131
220132
220133
220134
220135
220136
220137
220138
220139
220140
220141
220142
220143
220144
220145
220146
220147
220148
220149
220150
220151
220152
220153
220154
220155
220156
220157
220158
220159
220160
220161
220162
220163
220164
220165
220166
220167
220168
220169
220170
220171
220172
220173
220174
220175
220176
220177
220178
220179
220180
220181
220182
220183
220184
220185
220186
220187
220188
220189
220190
220191
220192
220193
220194
220195
220196
220197
220198
220199
220200
220201
220202
220203
220204
220205
220206
220207
220208
220209
220210
220211
220212
220213
220214
220215
220216
220217
220218
220219
220220
220221
220222
220223
220224
220225
220226
220227
220228
220229
220230
220231
220232
220233
220234
220235
220236
220237
220238
220239
220240
220241
220242
220243
220244
220245
220246
220247
220248
220249
220250
220251
220252
220253
220254
220255
220256
220257
220258
220259
220260
220261
220262
220263
220264
220265
220266
220267
220268
220269
220270
220271
220272
220273
220274
220275
220276
220277
220278
220279
220280
220281
220282
220283
220284
220285
220286
220287
220288
220289
220290
220291
220292
220293
220294
220295
220296
220297
220298
220299
220300
220301
220302
220303
220304
220305
220306
220307
220308
220309
220310
220311
220312
220313
220314
220315
220316
220317
220318
220319
220320
220321
220322
220323
220324
220325
220326
220327
220328
220329
220330
220331
220332
220333
220334
220335
220336
220337
220338
220339
220340
220341
220342
220343
220344
220345
220346
220347
220348
220349
220350
220351
220352
220353
220354
220355
220356
220357
220358
220359
220360
220361
220362
220363
220364
220365
220366
220367
220368
220369
220370
220371
220372
220373
220374
220375
220376
220377
220378
220379
220380
220381
220382
220383
220384
220385
220386
220387
220388
220389
220390
220391
220392
220393
220394
220395
220396
220397
220398
220399
220400
220401
220402
220403
220404
220405
220406
220407
220408
220409