131508
131509
131510
131511
131512
131513
131514
131515
131516
131517
131518
131519
131520
131521
131522
131523
131524
131525
131526
131527
131528
131529
131530
131531
131532
131533
131534
131535
131536
131537
131538
131539
131540
131541
131542
131543
131544
131545
131546
131547
131548
131549
131550
131551
131552
131553
131554
131555
131556
131557
131558
131559
131560
131561
131562
131563
131564
131565
131566
131567
131568
131569
131570
131571
131572
131573
131574
131575
131576
131577
131578
131579
131580
131581
131582
131583
131584
131585
131586
131587
131588
131589
131590
131591
131592
131593
131594
131595
131596
131597
131598
131599
131600
131601
131602
131603
131604
131605
131606
131607
131608
131609
131610
131611
131612
131613
131614
131615
131616
131617
131618
131619
131620
131621
131622
131623
131624
131625
131626
131627
131628
131629
131630
131631
131632
131633
131634
131635
131636
131637
131638
131639
131640
131641
131642
131643
131644
131645
131646
131647
131648
131649
131650
131651
131652
131653
131654
131655
131656
131657
131658
131659
131660
131661
131662
131663
131664
131665
131666
131667
131668
131669
131670
131671
131672
131673
131674
131675
131676
131677
131678
131679
131680
131681
131682
131683
131764
131765
131766
131767
589001
589002
589003
589004
589005
589006
589007
589008
589009
589010
589011
589012
589013
589014
589015
589016
589017
589018
589019
589020
589021
589022
589023
589024
589025
589026
589027
589028
589029
589030
589031
589032
589033
589034
589035
589036
589037
589038
589039
589040
589041
589042
589043
589044
589045
589046
589047
589048
589049
589050
589051
589052
589053
589054
589055
589056
589057
589058
589059
589060
589061
589062
589063
589064
589065
589066
589067
589068
589069
589070
589071
589072
589073
589074
589075
589076
589077
589078
589079
589080
589081
589082
589083
589084
589085
589086
589087
589088
589089
589090
589091
589092
589093
589094
589095
589096
589097
589098
589099
589100
589101
589102
589103
589104
589105
589106
589107
589108
589109
589110
589111
589112
589113
589114
589115
589116
589117
589118
589119
589120
589121
589122
589123
589124
589125
589126
589127
589128
589129
589130
589131
589132
589133
589134
589135
589136
589664
589665
589666
589667
589668
589669
589670
589671
589672
589673
589674
589675
589676
589677
589678
589679
589680
589681
589682
589683
589684
589685
589686
589687
589688
589689
589690
589691
589692
589693
589694
589695
589696
589697
589698
589699
589700
589701
589702
589703
589704
589705
589706
